10 7 64 649 712 1  1 0 0 0 0 0 0 0 0 0 0 0 0 0 0 0 0 0 0 0 0
11 9 322 0 321 1  0 0 0 0 0 0 0 0 0 0 0 1 0 0 0 0 0 0 0 0 0
12 9 807 0 806 1  0 0 0 0 0 0 0 0 0 0 0 0 0 0 0 1 0 0 0 0 0
13 9 809 0 808 1  0 0 0 0 0 0 0 0 0 0 0 0 0 0 0 0 1 0 0 0 0
14 9 297 0 296 1  0 0 0 0 0 0 0 0 0 0 0 0 0 0 0 0 0 0 1 0 0
15 9 863 118 980 1  1 0 0 0 0 0 0 0 0 0 0 0 0 0 0 0 0 0 0 0 0
16 10 102 204 305 1  1 0 0 0 0 0 0 0 0 0 0 0 0 0 0 0 0 0 0 0 0
17 9 844 158 1001 1  0 1 0 0 0 0 0 0 0 0 0 0 0 0 0 0 0 0 0 0 0
18 9 109 911 1019 2  0 0 1 1 0 0 0 0 0 0 0 0 0 0 0 0 0 0 0 0 0
19 9 720 300 1019 1  0 0 0 0 0 0 0 1 0 0 0 0 0 0 0 0 0 0 0 0 0
