11 12 59 192 250 192 912 197 84 76 
11 12 59 192 250 193 912 197 84 76 
11 12 59 192 250 194 912 197 84 76 
11 12 59 192 250 195 912 197 84 76 
11 12 59 192 250 196 912 197 84 76 
11 12 59 192 250 197 912 197 84 76 
11 12 59 192 250 198 912 197 84 76 
11 12 59 192 250 199 912 197 84 76 
11 12 59 192 250 200 912 197 84 76 
11 12 59 192 250 201 912 197 84 76 
11 12 59 192 250 202 912 197 84 76 
11 12 59 192 250 203 912 197 84 76 
11 12 59 192 250 204 912 197 84 76 
11 12 59 192 250 205 912 197 84 76 
11 12 59 192 250 206 912 197 84 76 
11 12 59 192 250 207 912 197 84 76 
11 12 59 192 250 208 912 197 84 76 
11 12 59 192 250 209 912 197 84 76 
11 12 59 192 250 210 912 197 84 76 
11 12 59 192 250 211 912 197 84 76 
11 12 59 192 250 212 912 197 84 76 
11 12 59 192 250 213 912 197 84 76 
11 12 59 192 250 214 912 197 84 76 
11 12 59 192 250 215 912 197 84 76 
11 12 59 192 250 216 912 197 84 76 
11 12 59 192 250 217 912 197 84 76 
11 12 59 192 250 218 912 197 84 76 
11 12 59 192 250 219 912 197 84 76 
11 12 59 192 250 220 912 197 84 76 
11 12 59 192 250 221 912 197 84 76 
11 12 59 192 250 222 912 197 84 76 
11 12 59 192 250 223 912 197 84 76 
11 12 59 192 250 224 912 197 84 76 
11 12 59 192 250 225 912 197 84 76 
11 12 59 192 250 226 912 197 84 76 
11 12 59 192 250 227 912 197 84 76 
11 12 59 192 250 228 912 197 84 76 
11 12 59 192 250 229 912 197 84 76 
11 12 59 192 250 230 912 197 84 76 
11 12 59 192 250 231 912 197 84 76 
11 12 59 192 250 232 912 197 84 76 
11 12 59 192 250 233 912 197 84 76 
11 12 59 192 250 234 912 197 84 76 
11 12 59 192 250 235 912 197 84 76 
11 12 59 192 250 236 912 197 84 76 
11 12 59 192 250 237 912 197 84 76 
11 12 59 192 250 238 912 197 84 76 
11 12 59 192 250 239 912 197 84 76 
11 12 59 192 250 240 912 197 84 76 
11 12 59 192 250 241 912 197 84 76 
11 12 59 192 250 242 912 197 84 76 
11 12 59 192 250 243 912 197 84 76 
11 12 59 192 250 244 912 197 84 76 
11 12 59 192 250 245 912 197 84 76 
11 12 59 192 250 246 912 197 84 76 
11 12 59 192 250 247 912 197 84 76 
11 12 59 192 250 248 912 197 84 76 
11 12 59 192 250 249 912 197 84 76 
11 12 59 192 250 250 912 197 84 76 
12 9 95 227 321 227 1149 194 50 82 
12 9 95 227 321 228 1147 194 50 82 
12 9 95 227 321 229 1146 194 50 82 
12 9 95 227 321 230 1144 194 50 82 
12 9 95 227 321 231 1142 194 50 84 
12 9 95 227 321 232 1140 194 50 84 
12 9 95 227 321 233 1140 194 48 84 
12 9 95 227 321 234 1137 194 50 84 
12 9 95 227 321 235 1135 194 50 84 
12 9 95 227 321 236 1133 193 50 87 
12 9 95 227 321 237 1131 193 50 87 
12 9 95 227 321 238 1130 193 50 87 
12 9 95 227 321 239 1128 193 50 87 
12 9 95 227 321 240 1126 193 50 87 
12 9 95 227 321 241 1124 193 50 87 
12 9 95 227 321 242 1124 193 48 87 
12 9 95 227 321 243 1121 193 50 87 
12 9 95 227 321 244 1119 193 50 87 
12 9 95 227 321 245 1117 193 50 87 
12 9 95 227 321 246 1114 193 54 87 
12 9 95 227 321 247 1114 193 52 87 
12 9 95 227 321 248 1111 193 54 87 
12 9 95 227 321 249 1109 193 54 87 
12 9 95 227 321 250 1107 193 54 87 
12 9 95 227 321 251 1107 193 52 87 
12 9 95 227 321 252 1105 193 52 87 
12 9 95 227 321 253 1102 193 54 87 
12 9 95 227 321 254 1100 193 54 87 
12 9 95 227 321 255 1098 193 54 87 
12 9 95 227 321 256 1098 193 54 87 
12 9 95 227 321 257 1095 193 54 87 
12 9 95 227 321 258 1093 193 54 87 
12 9 95 227 321 259 1091 193 54 87 
12 9 95 227 321 260 1091 193 52 87 
12 9 95 227 321 261 1089 193 52 87 
12 9 95 227 321 262 1086 193 54 87 
12 9 95 227 321 263 1084 193 54 87 
12 9 95 227 321 264 1082 193 54 87 
12 9 95 227 321 265 1082 193 52 87 
12 9 95 227 321 266 1079 193 54 87 
12 9 95 227 321 267 1077 193 54 87 
12 9 95 227 321 268 1075 193 54 87 
12 9 95 227 321 269 1075 193 52 87 
12 9 95 227 321 270 1073 193 52 87 
12 9 95 227 321 271 1070 194 54 88 
12 9 95 227 321 272 1069 194 50 88 
12 9 95 227 321 273 1067 194 50 88 
12 9 95 227 321 274 1066 194 50 88 
12 9 95 227 321 275 1064 194 50 88 
12 9 95 227 321 276 1062 194 50 88 
12 9 95 227 321 277 1060 194 50 88 
12 9 95 227 321 278 1060 194 48 88 
12 9 95 227 321 279 1057 194 50 88 
12 9 95 227 321 280 1055 194 50 88 
12 9 95 227 321 281 1053 194 50 88 
12 9 95 227 321 282 1051 194 50 88 
12 9 95 227 321 283 1050 194 50 88 
12 9 95 227 321 284 1048 194 50 88 
12 9 95 227 321 285 1046 194 50 88 
12 9 95 227 321 286 1044 196 50 88 
12 9 95 227 321 287 1044 196 48 88 
12 9 95 227 321 288 1041 196 50 88 
12 9 95 227 321 289 1039 196 50 88 
12 9 95 227 321 290 1037 196 50 88 
12 9 95 227 321 291 1035 196 50 88 
12 9 95 227 321 292 1034 196 50 88 
12 9 95 227 321 293 1032 196 50 88 
12 9 95 227 321 294 1030 196 50 88 
12 9 95 227 321 295 1028 196 50 88 
12 9 95 227 321 296 1028 196 48 88 
12 9 95 227 321 297 1025 196 50 88 
12 9 95 227 321 298 1023 196 50 88 
12 9 95 227 321 299 1021 196 50 88 
12 9 95 227 321 300 1019 196 50 88 
12 9 95 227 321 301 1018 196 50 88 
12 9 95 227 321 302 1016 196 50 88 
12 9 95 227 321 303 1014 196 50 88 
12 9 95 227 321 304 1012 196 50 88 
12 9 95 227 321 305 1012 196 48 88 
12 9 95 227 321 306 1009 196 50 88 
12 9 95 227 321 307 1007 196 50 88 
12 9 95 227 321 308 1005 196 50 88 
12 9 95 227 321 309 1003 196 50 88 
12 9 95 227 321 310 1002 196 50 88 
12 9 95 227 321 311 1000 196 50 88 
12 9 95 227 321 312 998 196 50 88 
12 9 95 227 321 313 996 196 50 88 
12 9 95 227 321 314 996 196 48 88 
12 9 95 227 321 315 993 196 50 88 
12 9 95 227 321 316 991 196 50 88 
12 9 95 227 321 317 989 196 50 88 
12 9 95 227 321 318 987 196 50 88 
12 9 95 227 321 319 986 196 50 88 
12 9 95 227 321 320 984 196 50 88 
12 9 95 227 321 321 982 196 50 88 
13 9 178 300 477 300 1019 206 50 69 
13 9 178 300 477 301 1017 206 50 69 
13 9 178 300 477 302 1015 206 50 69 
13 9 178 300 477 303 1013 206 50 69 
13 9 178 300 477 304 1011 206 50 69 
13 9 178 300 477 305 1009 206 50 69 
13 9 178 300 477 306 1008 207 50 69 
13 9 178 300 477 307 1006 207 50 69 
13 9 178 300 477 308 1004 207 50 69 
13 9 178 300 477 309 1002 207 50 69 
13 9 178 300 477 310 1000 207 50 69 
13 9 178 300 477 311 998 207 50 69 
13 9 178 300 477 312 997 208 50 69 
13 9 178 300 477 313 998 207 50 69 
13 9 178 300 477 314 999 207 50 69 
13 9 178 300 477 315 1001 207 50 69 
13 9 178 300 477 316 1002 207 50 69 
13 9 178 300 477 317 1004 207 50 69 
13 9 178 300 477 318 1005 207 50 69 
13 9 178 300 477 319 1007 207 50 69 
13 9 178 300 477 320 1008 207 50 69 
13 9 178 300 477 321 1010 207 50 69 
13 9 178 300 477 322 1011 207 50 69 
13 9 178 300 477 323 1012 207 50 69 
13 9 178 300 477 324 1014 207 50 69 
13 9 178 300 477 325 1015 207 50 69 
13 9 178 300 477 326 1017 207 50 69 
13 9 178 300 477 327 1018 207 50 69 
13 9 178 300 477 328 1020 207 50 69 
13 9 178 300 477 329 1021 207 50 69 
13 9 178 300 477 330 1023 207 50 69 
13 9 178 300 477 331 1024 207 50 69 
13 9 178 300 477 332 1026 207 50 69 
13 9 178 300 477 333 1027 206 50 69 
13 9 178 300 477 334 1028 206 50 69 
13 9 178 300 477 335 1029 206 50 69 
13 9 178 300 477 336 1031 206 50 69 
13 9 178 300 477 337 1032 206 50 69 
13 9 178 300 477 338 1033 206 50 69 
13 9 178 300 477 339 1035 206 50 69 
13 9 178 300 477 340 1036 206 50 69 
13 9 178 300 477 341 1037 206 50 69 
13 9 178 300 477 342 1038 205 50 69 
13 9 178 300 477 343 1040 205 50 69 
13 9 178 300 477 344 1041 205 50 69 
13 9 178 300 477 345 1042 205 50 69 
13 9 178 300 477 346 1044 205 50 69 
13 9 178 300 477 347 1045 205 50 69 
13 9 178 300 477 348 1046 205 50 69 
13 9 178 300 477 349 1047 205 50 69 
13 9 178 300 477 350 1049 205 50 69 
13 9 178 300 477 351 1050 205 50 69 
13 9 178 300 477 352 1051 204 50 69 
13 9 178 300 477 353 1053 204 50 69 
13 9 178 300 477 354 1054 204 50 69 
13 9 178 300 477 355 1055 204 50 69 
13 9 178 300 477 356 1057 204 50 69 
13 9 178 300 477 357 1058 204 50 69 
13 9 178 300 477 358 1059 204 50 69 
13 9 178 300 477 359 1060 204 50 69 
13 9 178 300 477 360 1062 204 50 69 
13 9 178 300 477 361 1063 204 50 69 
13 9 178 300 477 362 1064 203 50 69 
13 9 178 300 477 363 1066 203 50 69 
13 9 178 300 477 364 1067 203 50 69 
13 9 178 300 477 365 1068 203 50 69 
13 9 178 300 477 366 1069 203 50 69 
13 9 178 300 477 367 1071 203 50 69 
13 9 178 300 477 368 1072 203 50 69 
13 9 178 300 477 369 1073 203 50 69 
13 9 178 300 477 370 1075 203 50 69 
13 9 178 300 477 371 1076 202 50 69 
13 9 178 300 477 372 1077 202 50 69 
13 9 178 300 477 373 1079 202 50 69 
13 9 178 300 477 374 1080 202 50 69 
13 9 178 300 477 375 1081 202 50 69 
13 9 178 300 477 376 1082 202 50 69 
13 9 178 300 477 377 1084 202 50 69 
13 9 178 300 477 378 1085 202 50 69 
13 9 178 300 477 379 1086 202 50 69 
13 9 178 300 477 380 1088 202 50 69 
13 9 178 300 477 381 1089 201 50 69 
13 9 178 300 477 382 1090 201 50 69 
13 9 178 300 477 383 1091 201 50 69 
13 9 178 300 477 384 1093 201 50 69 
13 9 178 300 477 385 1094 201 50 69 
13 9 178 300 477 386 1095 201 50 69 
13 9 178 300 477 387 1097 201 50 69 
13 9 178 300 477 388 1098 201 50 69 
13 9 178 300 477 389 1099 201 50 69 
13 9 178 300 477 390 1101 201 50 69 
13 9 178 300 477 391 1101 201 50 69 
13 9 178 300 477 392 1103 201 50 69 
13 9 178 300 477 393 1105 201 50 69 
13 9 178 300 477 394 1105 201 50 69 
13 9 178 300 477 395 1108 201 48 69 
13 9 178 300 477 396 1108 201 50 69 
13 9 178 300 477 397 1110 201 50 69 
13 9 178 300 477 398 1110 201 50 69 
13 9 178 300 477 399 1112 201 50 69 
13 9 178 300 477 400 1114 201 50 69 
13 9 178 300 477 401 1114 201 50 69 
13 9 178 300 477 402 1115 201 50 69 
13 9 178 300 477 403 1117 201 50 69 
13 9 178 300 477 404 1119 201 50 69 
13 9 178 300 477 405 1119 201 50 69 
13 9 178 300 477 406 1121 201 50 69 
13 9 178 300 477 407 1124 201 48 69 
13 9 178 300 477 408 1124 201 48 69 
13 9 178 300 477 409 1124 201 50 69 
13 9 178 300 477 410 1126 201 50 69 
13 9 178 300 477 411 1128 201 50 69 
13 9 178 300 477 412 1128 201 50 69 
13 9 178 300 477 413 1130 201 50 69 
13 9 178 300 477 414 1131 201 50 69 
13 9 178 300 477 415 1131 201 50 69 
13 9 178 300 477 416 1133 201 50 69 
13 9 178 300 477 417 1135 201 50 69 
13 9 178 300 477 418 1137 201 50 69 
13 9 178 300 477 419 1137 201 50 69 
13 9 178 300 477 420 1140 201 48 69 
13 9 178 300 477 421 1140 201 50 69 
13 9 178 300 477 422 1140 201 50 69 
13 9 178 300 477 423 1142 201 50 69 
13 9 178 300 477 424 1144 201 50 69 
13 9 178 300 477 425 1146 201 50 69 
13 9 178 300 477 426 1146 201 50 69 
13 9 178 300 477 427 1147 201 50 69 
13 9 178 300 477 428 1149 201 50 69 
13 9 178 300 477 429 1149 201 50 69 
13 9 178 300 477 430 1151 201 50 69 
13 9 178 300 477 431 1153 201 50 69 
13 9 178 300 477 432 1156 201 48 69 
13 9 178 300 477 433 1156 201 48 69 
13 9 178 300 477 434 1156 201 50 69 
13 9 178 300 477 435 1158 201 50 69 
13 9 178 300 477 436 1158 201 50 69 
13 9 178 300 477 437 1160 201 50 69 
13 9 178 300 477 438 1162 201 50 69 
13 9 178 300 477 439 1163 201 50 69 
13 9 178 300 477 440 1163 201 50 69 
13 9 178 300 477 441 1165 201 50 69 
13 9 178 300 477 442 1167 201 50 69 
13 9 178 300 477 443 1167 201 50 69 
13 9 178 300 477 444 1169 201 50 69 
13 9 178 300 477 445 1172 201 48 69 
13 9 178 300 477 446 1172 201 50 69 
13 9 178 300 477 447 1172 201 50 69 
13 9 178 300 477 448 1174 201 50 69 
13 9 178 300 477 449 1176 201 50 69 
13 9 178 300 477 450 1176 201 50 69 
13 9 178 300 477 451 1178 201 50 69 
13 9 178 300 477 452 1179 201 50 69 
13 9 178 300 477 453 1181 201 50 69 
13 9 178 300 477 454 1181 201 50 69 
13 9 178 300 477 455 1183 201 50 69 
13 9 178 300 477 456 1185 201 50 69 
13 9 178 300 477 457 1185 201 50 69 
13 9 178 300 477 458 1188 201 48 69 
13 9 178 300 477 459 1188 201 50 69 
13 9 178 300 477 460 1190 201 50 69 
13 9 178 300 477 461 1190 201 50 69 
13 9 178 300 477 462 1192 201 50 72 
13 9 178 300 477 463 1194 201 50 72 
13 9 178 300 477 464 1194 203 50 72 
13 9 178 300 477 465 1195 202 50 73 
13 9 178 300 477 466 1197 202 50 73 
13 9 178 300 477 467 1197 202 50 76 
13 9 178 300 477 468 1199 203 50 75 
13 9 178 300 477 469 1201 203 50 78 
13 9 178 300 477 470 1204 202 48 81 
13 9 178 300 477 471 1204 202 48 81 
13 9 178 300 477 472 1204 204 50 81 
13 9 178 300 477 473 1206 204 50 81 
13 9 178 300 477 474 1206 204 50 82 
13 9 178 300 477 475 1208 206 50 82 
13 9 178 300 477 476 1210 206 50 82 
13 9 178 300 477 477 1210 205 50 85 
14 9 88 446 533 446 24 424 78 147 
14 9 88 446 533 447 26 424 78 147 
14 9 88 446 533 448 29 424 74 147 
14 9 88 446 533 449 28 423 78 145 
14 9 88 446 533 450 29 423 78 145 
14 9 88 446 533 451 32 423 74 145 
14 9 88 446 533 452 34 423 74 145 
14 9 88 446 533 453 33 421 78 147 
14 9 88 446 533 454 36 421 74 147 
14 9 88 446 533 455 37 421 76 147 
14 9 88 446 533 456 36 419 80 147 
14 9 88 446 533 457 39 419 76 147 
14 9 88 446 533 458 41 419 74 147 
14 9 88 446 533 459 43 419 74 147 
14 9 88 446 533 460 43 417 74 147 
14 9 88 446 533 461 45 417 74 147 
14 9 88 446 533 462 46 417 76 147 
14 9 88 446 533 463 48 417 74 147 
14 9 88 446 533 464 48 415 74 147 
14 9 88 446 533 465 50 416 74 144 
14 9 88 446 533 466 50 416 74 144 
14 9 88 446 533 467 52 415 74 144 
14 9 88 446 533 468 52 415 74 144 
14 9 88 446 533 469 53 415 76 141 
14 9 88 446 533 470 56 415 72 141 
14 9 88 446 533 471 55 413 76 141 
14 9 88 446 533 472 58 413 72 141 
14 9 88 446 533 473 57 414 74 138 
14 9 88 446 533 474 60 414 70 138 
14 9 88 446 533 475 62 411 70 139 
14 9 88 446 533 476 62 412 70 136 
14 9 88 446 533 477 63 412 72 136 
14 9 88 446 533 478 63 410 72 136 
14 9 88 446 533 479 65 410 72 136 
14 9 88 446 533 480 65 410 72 133 
14 9 88 446 533 481 67 410 70 133 
14 9 88 446 533 482 69 410 70 132 
14 9 88 446 533 483 69 410 70 132 
14 9 88 446 533 484 70 410 72 130 
14 9 88 446 533 485 70 410 72 130 
14 9 88 446 533 486 72 408 72 130 
14 9 88 446 533 487 75 408 68 127 
14 9 88 446 533 488 74 408 72 127 
14 9 88 446 533 489 77 406 68 127 
14 9 88 446 533 490 76 406 70 127 
14 9 88 446 533 491 79 407 66 126 
14 9 88 446 533 492 78 407 70 126 
14 9 88 446 533 493 80 405 68 126 
14 9 88 446 533 494 82 405 68 126 
14 9 88 446 533 495 82 405 68 123 
14 9 88 446 533 496 84 405 68 123 
14 9 88 446 533 497 84 403 68 123 
14 9 88 446 533 498 86 403 66 123 
14 9 88 446 533 499 87 404 68 120 
14 9 88 446 533 500 87 403 68 120 
14 9 88 446 533 501 89 403 68 120 
14 9 88 446 533 502 89 403 68 117 
14 9 88 446 533 503 91 403 68 117 
14 9 88 446 533 504 94 401 64 117 
14 9 88 446 533 505 93 401 68 117 
14 9 88 446 533 506 96 402 64 114 
14 9 88 446 533 507 95 402 66 114 
14 9 88 446 533 508 97 399 64 115 
14 9 88 446 533 509 96 399 68 115 
14 9 88 446 533 510 99 400 64 112 
14 9 88 446 533 511 101 398 64 112 
14 9 88 446 533 512 101 398 64 112 
14 9 88 446 533 513 103 398 64 109 
14 9 88 446 533 514 103 398 64 109 
14 9 88 446 533 515 104 398 64 108 
14 9 88 446 533 516 106 398 64 108 
14 9 88 446 533 517 106 398 64 106 
14 9 88 446 533 518 108 398 64 106 
14 9 88 446 533 519 108 396 64 106 
14 9 88 446 533 520 110 396 64 106 
14 9 88 446 533 521 110 396 64 103 
14 9 88 446 533 522 112 394 64 103 
14 9 88 446 533 523 113 394 62 103 
14 9 88 446 533 524 113 395 64 102 
14 9 88 446 533 525 116 395 60 102 
14 9 88 446 533 526 115 393 64 102 
14 9 88 446 533 527 118 393 60 102 
14 9 88 446 533 528 120 393 60 99 
14 9 88 446 533 529 120 393 60 99 
14 9 88 446 533 530 120 391 62 99 
14 9 88 446 533 531 120 391 62 99 
14 9 88 446 533 532 123 392 60 96 
14 9 88 446 533 533 125 392 60 96 
15 9 88 446 533 446 13 422 68 160 
15 9 88 446 533 447 15 422 66 157 
15 9 88 446 533 448 15 421 66 159 
15 9 88 446 533 449 16 422 68 156 
15 9 88 446 533 450 16 419 68 159 
15 9 88 446 533 451 18 419 68 157 
15 9 88 446 533 452 20 420 68 154 
15 9 88 446 533 453 20 417 68 157 
15 9 88 446 533 454 22 418 66 154 
15 9 88 446 533 455 22 418 66 151 
15 9 88 446 533 456 23 416 68 154 
15 9 88 446 533 457 23 416 68 153 
15 9 88 446 533 458 25 414 68 156 
15 9 88 446 533 459 25 414 68 153 
15 9 88 446 533 460 27 415 68 150 
15 9 88 446 533 461 27 413 68 151 
15 9 88 446 533 462 29 414 68 148 
15 9 88 446 533 463 31 414 66 148 
15 9 88 446 533 464 31 412 66 148 
15 9 88 446 533 465 32 412 68 148 
15 9 88 446 533 466 32 412 68 147 
15 9 88 446 533 467 34 412 68 147 
15 9 88 446 533 468 34 410 68 147 
15 9 88 446 533 469 36 410 68 147 
15 9 88 446 533 470 36 411 68 144 
15 9 88 446 533 471 38 411 66 144 
15 9 88 446 533 472 38 409 66 144 
15 9 88 446 533 473 39 409 68 144 
15 9 88 446 533 474 39 409 68 142 
15 9 88 446 533 475 41 409 68 142 
15 9 88 446 533 476 43 408 68 141 
15 9 88 446 533 477 43 408 68 141 
15 9 88 446 533 478 45 409 68 138 
15 9 88 446 533 479 45 409 68 138 
15 9 88 446 533 480 47 407 66 138 
15 9 88 446 533 481 47 407 66 138 
15 9 88 446 533 482 48 407 68 135 
15 9 88 446 533 483 48 407 68 135 
15 9 88 446 533 484 50 405 68 136 
15 9 88 446 533 485 50 405 68 136 
15 9 88 446 533 486 52 405 68 133 
15 9 88 446 533 487 54 405 66 133 
15 9 88 446 533 488 54 403 66 133 
15 9 88 446 533 489 55 403 68 133 
15 9 88 446 533 490 55 404 68 130 
15 9 88 446 533 491 57 404 68 130 
15 9 88 446 533 492 57 402 68 132 
15 9 88 446 533 493 59 402 68 132 
15 9 88 446 533 494 59 402 68 129 
15 9 88 446 533 495 61 402 68 129 
15 9 88 446 533 496 61 401 68 127 
15 9 88 446 533 497 63 401 66 127 
15 9 88 446 533 498 64 401 68 127 
15 9 88 446 533 499 64 402 68 124 
15 9 88 446 533 500 66 402 68 124 
15 9 88 446 533 501 66 400 68 124 
15 9 88 446 533 502 68 400 68 124 
15 9 88 446 533 503 68 400 68 123 
15 9 88 446 533 504 70 400 66 123 
15 9 88 446 533 505 70 398 66 123 
15 9 88 446 533 506 71 398 68 123 
15 9 88 446 533 507 71 399 68 120 
15 9 88 446 533 508 73 399 68 120 
15 9 88 446 533 509 73 397 68 120 
15 9 88 446 533 510 75 397 68 120 
15 9 88 446 533 511 77 397 68 118 
15 9 88 446 533 512 77 397 68 118 
15 9 88 446 533 513 79 396 66 117 
15 9 88 446 533 514 79 396 66 117 
15 9 88 446 533 515 80 397 68 114 
15 9 88 446 533 516 80 397 68 114 
15 9 88 446 533 517 82 395 68 114 
15 9 88 446 533 518 82 395 68 114 
15 9 88 446 533 519 84 395 68 111 
15 9 88 446 533 520 84 395 68 111 
15 9 88 446 533 521 86 393 66 112 
15 9 88 446 533 522 87 393 68 112 
15 9 88 446 533 523 87 393 68 109 
15 9 88 446 533 524 89 393 68 109 
15 9 88 446 533 525 89 391 68 109 
15 9 88 446 533 526 91 391 68 109 
15 9 88 446 533 527 91 392 68 106 
15 9 88 446 533 528 93 392 68 106 
15 9 88 446 533 529 93 390 68 108 
15 9 88 446 533 530 95 390 66 108 
15 9 88 446 533 531 95 390 66 105 
15 9 88 446 533 532 96 390 68 105 
15 9 88 446 533 533 98 390 68 105 
16 9 234 300 533 300 980 197 60 79 
16 9 234 300 533 301 986 199 60 78 
16 9 234 300 533 302 993 200 60 78 
16 9 234 300 533 303 1000 201 60 78 
16 9 234 300 533 304 1007 202 60 78 
16 9 234 300 533 305 1014 203 60 78 
16 9 234 300 533 306 1011 203 60 76 
16 9 234 300 533 307 1009 203 60 76 
16 9 234 300 533 308 1007 203 60 76 
16 9 234 300 533 309 1005 203 60 76 
16 9 234 300 533 310 1003 203 60 76 
16 9 234 300 533 311 1001 203 60 76 
16 9 234 300 533 312 999 203 60 76 
16 9 234 300 533 313 997 203 60 76 
16 9 234 300 533 314 995 203 60 75 
16 9 234 300 533 315 993 203 60 75 
16 9 234 300 533 316 991 203 60 75 
16 9 234 300 533 317 989 203 58 75 
16 9 234 300 533 318 987 203 58 75 
16 9 234 300 533 319 985 203 58 75 
16 9 234 300 533 320 983 203 58 75 
16 9 234 300 533 321 980 203 60 75 
16 9 234 300 533 322 978 203 60 75 
16 9 234 300 533 323 976 203 60 73 
16 9 234 300 533 324 974 203 60 73 
16 9 234 300 533 325 972 203 60 73 
16 9 234 300 533 326 970 203 60 73 
16 9 234 300 533 327 968 203 60 73 
16 9 234 300 533 328 966 203 58 73 
16 9 234 300 533 329 964 203 58 73 
16 9 234 300 533 330 962 203 58 73 
16 9 234 300 533 331 960 203 58 73 
16 9 234 300 533 332 958 204 58 72 
16 9 234 300 533 333 956 204 58 72 
16 9 234 300 533 334 954 204 58 72 
16 9 234 300 533 335 952 204 58 72 
16 9 234 300 533 336 949 204 60 72 
16 9 234 300 533 337 947 204 60 72 
16 9 234 300 533 338 945 204 60 72 
16 9 234 300 533 339 943 204 58 72 
16 9 234 300 533 340 941 204 58 72 
16 9 234 300 533 341 939 204 58 70 
16 9 234 300 533 342 937 204 58 70 
16 9 234 300 533 343 935 204 58 70 
16 9 234 300 533 344 933 204 58 70 
16 9 234 300 533 345 931 204 58 70 
16 9 234 300 533 346 929 204 58 70 
16 9 234 300 533 347 927 204 58 70 
16 9 234 300 533 348 925 204 58 70 
16 9 234 300 533 349 923 204 58 70 
16 9 234 300 533 350 921 204 58 70 
16 9 234 300 533 351 921 204 56 67 
16 9 234 300 533 352 919 204 56 67 
16 9 234 300 533 353 916 204 58 67 
16 9 234 300 533 354 914 204 58 67 
16 9 234 300 533 355 914 204 56 67 
16 9 234 300 533 356 912 204 56 67 
16 9 234 300 533 357 910 204 56 67 
16 9 234 300 533 358 910 204 54 67 
16 9 234 300 533 359 908 204 54 67 
16 9 234 300 533 360 905 204 58 67 
16 9 234 300 533 361 905 204 56 67 
16 9 234 300 533 362 903 204 56 67 
16 9 234 300 533 363 900 204 58 67 
16 9 234 300 533 364 898 204 58 67 
16 9 234 300 533 365 898 204 56 67 
16 9 234 300 533 366 899 204 52 67 
16 9 234 300 533 367 897 207 52 64 
16 9 234 300 533 368 894 207 54 64 
16 9 234 300 533 369 891 207 58 64 
16 9 234 300 533 370 889 207 58 64 
16 9 234 300 533 371 889 207 56 64 
16 9 234 300 533 372 887 207 56 64 
16 9 234 300 533 373 887 207 54 64 
16 9 234 300 533 374 885 207 54 64 
16 9 234 300 533 375 883 207 54 64 
16 9 234 300 533 376 883 207 52 64 
16 9 234 300 533 377 881 207 52 64 
16 9 234 300 533 378 878 207 56 64 
16 9 234 300 533 379 875 207 58 64 
16 9 234 300 533 380 873 207 58 64 
16 9 234 300 533 381 874 207 54 64 
16 9 234 300 533 382 874 207 52 64 
16 9 234 300 533 383 871 209 54 61 
16 9 234 300 533 384 869 209 54 61 
16 9 234 300 533 385 867 209 54 61 
16 9 234 300 533 386 867 209 52 61 
16 9 234 300 533 387 865 209 52 61 
16 9 234 300 533 388 862 209 56 61 
16 9 234 300 533 389 862 209 54 61 
16 9 234 300 533 390 860 209 54 61 
16 9 234 300 533 391 858 209 54 61 
16 9 234 300 533 392 858 209 52 61 
16 9 234 300 533 393 855 209 54 61 
16 9 234 300 533 394 853 209 54 61 
16 9 234 300 533 395 851 209 54 61 
16 9 234 300 533 396 852 209 50 61 
16 9 234 300 533 397 851 209 52 61 
16 9 234 300 533 398 849 209 52 61 
16 9 234 300 533 399 846 212 54 58 
16 9 234 300 533 400 844 212 54 58 
16 9 234 300 533 401 842 212 54 58 
16 9 234 300 533 402 842 212 52 58 
16 9 234 300 533 403 839 212 54 58 
16 9 234 300 533 404 840 212 50 58 
16 9 234 300 533 405 838 212 50 58 
16 9 234 300 533 406 835 212 54 58 
16 9 234 300 533 407 835 212 52 58 
16 9 234 300 533 408 833 212 52 58 
16 9 234 300 533 409 830 212 54 58 
16 9 234 300 533 410 828 212 54 58 
16 9 234 300 533 411 826 212 54 58 
16 9 234 300 533 412 827 212 50 58 
16 9 234 300 533 413 826 212 50 58 
16 9 234 300 533 414 824 212 50 58 
16 9 234 300 533 415 821 214 54 55 
16 9 234 300 533 416 819 215 54 52 
16 9 234 300 533 417 819 215 52 52 
16 9 234 300 533 418 817 215 52 52 
16 9 234 300 533 419 817 215 50 52 
16 9 234 300 533 420 815 215 50 52 
16 9 234 300 533 421 813 215 50 52 
16 9 234 300 533 422 811 215 50 52 
16 9 234 300 533 423 810 215 50 52 
16 9 234 300 533 424 808 215 50 52 
16 9 234 300 533 425 805 215 54 52 
16 9 234 300 533 426 803 215 54 52 
16 9 234 300 533 427 804 215 50 52 
16 9 234 300 533 428 804 215 48 52 
16 9 234 300 533 429 801 215 50 52 
16 9 234 300 533 430 799 215 50 52 
16 9 234 300 533 431 797 215 50 52 
16 9 234 300 533 432 795 216 50 51 
16 9 234 300 533 433 794 216 50 51 
16 9 234 300 533 434 791 216 54 51 
16 9 234 300 533 435 792 216 50 51 
16 9 234 300 533 436 790 216 50 51 
16 9 234 300 533 437 788 216 50 51 
16 9 234 300 533 438 788 216 48 51 
16 9 234 300 533 439 785 216 50 51 
16 9 234 300 533 440 783 216 50 51 
16 9 234 300 533 441 781 216 50 51 
16 9 234 300 533 442 782 216 46 51 
16 9 234 300 533 443 779 216 50 51 
16 9 234 300 533 444 778 216 50 51 
16 9 234 300 533 445 776 216 50 51 
16 9 234 300 533 446 774 216 50 51 
16 9 234 300 533 447 772 216 50 51 
16 9 234 300 533 448 772 219 48 48 
16 9 234 300 533 449 769 219 50 48 
16 9 234 300 533 450 770 219 46 48 
16 9 234 300 533 451 768 219 46 48 
16 9 234 300 533 452 766 219 46 48 
16 9 234 300 533 453 763 219 50 48 
16 9 234 300 533 454 762 219 50 48 
16 9 234 300 533 455 760 219 50 48 
16 9 234 300 533 456 758 219 50 48 
16 9 234 300 533 457 756 219 50 48 
16 9 234 300 533 458 757 219 46 48 
16 9 234 300 533 459 756 219 46 48 
16 9 234 300 533 460 754 219 46 48 
16 9 234 300 533 461 752 219 46 48 
16 9 234 300 533 462 749 219 50 48 
16 9 234 300 533 463 747 219 50 48 
16 9 234 300 533 464 746 221 50 45 
16 9 234 300 533 465 747 221 46 45 
16 9 234 300 533 466 745 221 46 45 
16 9 234 300 533 467 743 221 46 45 
16 9 234 300 533 468 741 221 46 45 
16 9 234 300 533 469 740 221 46 45 
16 9 234 300 533 470 738 221 46 45 
16 9 234 300 533 471 735 221 50 45 
16 9 234 300 533 472 733 221 50 45 
16 9 234 300 533 473 734 221 46 45 
16 9 234 300 533 474 732 221 48 45 
16 9 234 300 533 475 731 221 46 45 
16 9 234 300 533 476 729 221 46 45 
16 9 234 300 533 477 727 221 46 45 
16 9 234 300 533 478 725 221 46 45 
16 9 234 300 533 479 724 221 46 45 
16 9 234 300 533 480 724 224 46 42 
16 9 234 300 533 481 722 221 46 45 
16 9 234 300 533 482 720 221 46 45 
16 9 234 300 533 483 718 221 46 45 
16 9 234 300 533 484 716 221 48 45 
16 9 234 300 533 485 715 221 46 45 
16 9 234 300 533 486 713 218 46 51 
16 9 234 300 533 487 711 218 46 51 
16 9 234 300 533 488 709 218 46 51 
16 9 234 300 533 489 708 218 46 51 
16 9 234 300 533 490 706 218 46 51 
16 9 234 300 533 491 704 216 46 54 
16 9 234 300 533 492 702 215 46 57 
16 9 234 300 533 493 700 215 48 57 
16 9 234 300 533 494 699 215 46 57 
16 9 234 300 533 495 699 215 46 57 
16 9 234 300 533 496 697 214 46 58 
16 9 234 300 533 497 695 214 46 58 
16 9 234 300 533 498 693 214 46 60 
16 9 234 300 533 499 692 214 46 60 
16 9 234 300 533 500 690 214 46 60 
16 9 234 300 533 501 688 211 46 63 
16 9 234 300 533 502 686 211 46 63 
16 9 234 300 533 503 684 211 48 63 
16 9 234 300 533 504 683 211 46 66 
16 9 234 300 533 505 681 211 46 66 
16 9 234 300 533 506 679 208 46 69 
16 9 234 300 533 507 677 208 46 69 
16 9 234 300 533 508 676 208 46 69 
16 9 234 300 533 509 674 208 46 69 
16 9 234 300 533 510 674 208 46 72 
16 9 234 300 533 511 672 208 46 72 
16 9 234 300 533 512 670 208 46 72 
16 9 234 300 533 513 668 208 48 72 
16 9 234 300 533 514 667 208 46 72 
16 9 234 300 533 515 665 208 46 72 
16 9 234 300 533 516 663 208 46 72 
16 9 234 300 533 517 661 208 46 72 
16 9 234 300 533 518 660 208 46 72 
16 9 234 300 533 519 658 208 46 72 
16 9 234 300 533 520 656 208 46 72 
16 9 234 300 533 521 654 208 46 72 
16 9 234 300 533 522 654 208 46 72 
16 9 234 300 533 523 652 208 48 72 
16 9 234 300 533 524 651 208 46 72 
16 9 234 300 533 525 649 208 46 72 
16 9 234 300 533 526 647 208 46 72 
16 9 234 300 533 527 645 208 46 72 
16 9 234 300 533 528 644 208 46 72 
16 9 234 300 533 529 642 208 46 72 
16 9 234 300 533 530 640 208 46 72 
16 9 234 300 533 531 638 208 46 72 
16 9 234 300 533 532 636 208 48 72 
16 9 234 300 533 533 636 210 48 72 
