0 336 424 14 293 19 53 1
0 336 425 14 291 21 55 1
0 336 426 16 289 23 57 1
0 336 427 16 289 24 57 1
0 336 428 17 288 27 58 1
0 336 429 17 286 29 60 1
0 336 430 19 286 30 60 1
0 336 431 21 284 30 62 1
0 336 432 21 282 34 64 1
0 336 433 23 282 33 64 1
0 336 434 23 280 37 66 1
0 336 435 24 279 38 67 1
0 336 436 26 279 39 67 1
0 336 437 28 277 39 67 1
0 336 438 30 277 39 67 1
0 336 439 32 277 39 67 1
0 336 440 33 277 39 67 1
0 336 441 35 277 39 67 1
0 336 442 37 277 39 67 1
0 336 443 39 277 39 67 1
0 336 444 40 275 40 68 1
0 336 445 42 275 39 68 1
0 336 446 44 275 39 68 1
0 336 447 46 275 39 68 1
0 336 448 49 275 39 68 1
0 336 449 51 275 39 68 1
0 336 450 53 275 39 68 1
0 336 451 55 275 39 68 1
0 336 452 56 273 40 68 1
0 336 453 58 273 39 68 1
0 336 454 60 273 39 68 1
0 336 455 62 273 39 68 1
0 336 456 64 273 39 68 1
0 336 457 65 273 39 68 1
0 336 458 67 273 39 68 1
0 336 459 71 273 39 68 1
0 336 460 72 273 38 66 1
0 336 461 74 273 38 64 1
0 336 462 76 273 37 64 1
0 336 463 78 273 37 63 1
0 336 464 80 273 37 63 1
0 336 465 81 273 38 61 1
0 336 466 83 273 37 61 1
0 336 467 87 273 35 59 1
0 336 468 88 273 36 59 1
0 336 469 90 273 36 57 1
0 336 470 92 273 36 57 1
0 336 471 94 273 35 55 1
0 336 472 96 273 35 55 1
0 336 473 97 273 36 54 1
0 336 474 99 273 36 54 1
0 336 475 103 273 33 52 1
0 336 476 104 273 34 52 1
0 336 477 106 273 34 50 1
0 336 478 108 273 34 50 1
0 336 479 110 273 34 48 1
0 336 480 112 273 33 48 1
0 336 481 113 273 34 47 1
0 336 482 117 273 32 47 1
0 336 483 117 273 32 47 1
0 336 484 119 273 32 47 1
0 336 485 120 273 32 47 1
0 336 486 122 273 32 47 1
0 336 487 124 273 32 47 1
0 336 488 126 273 32 47 1
0 336 489 128 273 32 47 1
0 336 490 129 273 32 47 1
0 336 491 131 273 32 47 1
0 336 492 133 273 32 47 1
0 336 493 135 275 32 46 1
0 336 494 135 275 32 46 1
0 336 495 136 275 32 46 1
0 336 496 138 275 32 46 1
0 336 497 140 275 32 46 1
0 336 498 142 275 32 46 1
0 336 499 144 275 32 46 1
0 336 500 145 275 32 46 1
0 336 501 147 275 32 46 1
0 336 502 149 275 32 46 1
0 336 503 151 275 32 46 1
0 336 504 152 277 32 46 1
0 336 505 154 277 32 46 1
0 336 506 156 277 32 46 1
0 336 507 158 277 32 46 1
0 336 508 160 277 32 46 1
0 336 509 161 277 32 46 1
0 336 510 163 277 32 46 1
0 336 511 165 277 32 46 1
0 336 512 167 277 32 46 1
0 336 513 168 277 32 46 1
0 336 514 170 277 32 46 1
0 336 515 172 277 32 46 1
0 336 516 174 277 32 46 1
0 336 517 176 277 32 46 1
0 336 518 177 277 32 46 1
0 336 519 179 277 32 46 1
0 336 520 181 277 32 46 1
0 336 521 184 279 32 46 1
0 336 522 186 277 32 48 1
0 336 523 188 277 32 48 1
0 336 524 190 277 32 50 1
0 336 525 192 277 32 50 1
0 336 526 193 277 32 50 1
0 336 527 195 277 32 51 1
0 336 528 197 277 32 51 1
0 336 529 199 277 32 53 1
0 336 530 200 277 32 53 1
0 336 531 202 277 32 53 1
0 336 532 206 275 32 57 1
0 336 533 208 275 32 57 1
0 336 534 209 275 32 57 1
0 336 535 211 275 32 59 1
0 336 536 213 275 32 59 1
0 336 537 215 275 32 61 1
0 336 538 216 275 32 61 1
0 336 539 218 275 32 61 1
0 336 540 220 275 32 62 1
0 336 541 222 275 32 62 1
0 336 542 225 275 32 64 1
0 336 543 225 273 32 64 1
0 336 544 227 273 32 64 1
0 336 545 229 273 32 64 1
0 336 546 231 273 32 64 1
0 336 547 232 273 32 64 1
0 336 548 234 273 32 64 1
0 336 549 234 273 32 64 1
0 336 550 236 273 32 64 1
0 336 551 238 273 32 64 1
0 336 552 240 273 32 64 1
0 336 553 241 273 32 64 1
0 336 554 243 273 32 64 1
0 336 555 243 273 32 64 1
0 336 556 245 273 32 64 1
0 336 557 247 273 32 64 1
0 336 558 248 273 32 64 1
0 336 559 250 272 32 64 1
0 336 560 252 272 32 64 1
0 336 561 254 272 32 64 1
0 336 562 254 272 32 64 1
0 336 563 256 272 32 64 1
0 336 564 257 272 32 64 1
0 336 565 259 272 32 64 1
0 336 566 261 272 32 64 1
0 336 567 263 272 32 64 1
0 336 568 263 272 32 64 1
0 336 569 264 272 32 64 1
0 336 570 266 272 32 64 1
0 336 571 268 272 32 64 1
0 336 572 270 272 32 64 1
0 336 573 272 272 32 64 1
0 336 574 273 272 32 64 1
0 336 575 273 270 32 64 1
0 336 576 275 270 32 64 1
0 336 577 277 270 32 64 1
0 336 578 277 270 32 64 1
0 336 579 279 270 32 64 1
0 336 580 280 270 32 64 1
0 336 581 282 270 32 64 1
0 336 582 282 270 32 64 1
0 336 583 284 268 32 64 1
0 336 584 286 268 32 64 1
0 336 585 288 268 32 64 1
0 336 586 288 268 32 64 1
0 336 587 289 268 32 64 1
0 336 588 291 268 32 64 1
0 336 589 291 268 32 64 1
0 336 590 293 268 32 64 1
0 336 591 295 268 32 64 1
0 336 592 296 266 32 64 1
0 336 593 296 266 32 64 1
0 336 594 298 266 32 64 1
0 336 595 300 266 32 64 1
0 336 596 302 266 32 64 1
0 336 597 302 266 32 64 1
0 336 598 304 266 32 64 1
0 336 599 305 266 32 64 1
0 336 600 307 266 32 64 1
0 336 601 307 266 32 62 1
0 336 602 309 266 30 62 1
0 336 603 311 266 30 62 1
0 336 604 311 266 30 62 1
0 336 605 312 268 31 60 1
0 336 606 314 268 29 60 1
0 336 607 314 268 30 60 1
0 336 608 316 268 28 60 1
0 336 609 318 268 28 60 1
0 336 610 320 270 26 58 1
0 336 611 320 270 26 57 1
0 336 612 321 270 27 57 1
0 336 613 323 270 25 57 1
0 336 614 323 270 27 57 1
0 336 615 325 272 25 55 1
0 336 616 327 272 25 55 1
0 336 617 327 272 25 55 1
0 336 618 328 272 25 55 1
0 336 619 330 272 23 55 1
0 336 620 332 273 23 54 1
0 336 621 330 272 23 53 1
0 336 622 330 272 23 53 1
0 336 623 330 272 23 53 1
0 336 624 330 272 23 53 1
0 336 625 330 272 23 53 1
0 336 626 328 272 24 53 1
0 336 627 328 272 24 53 1
0 336 628 328 272 24 53 1
0 336 629 328 272 24 53 1
0 336 630 328 272 24 53 1
0 336 631 328 272 24 53 1
0 336 632 327 272 23 53 1
0 336 633 327 272 23 53 1
0 336 634 327 272 23 53 1
0 336 635 327 272 23 53 1
0 336 636 327 272 23 53 1
0 336 637 325 270 23 53 1
0 336 638 325 270 23 53 1
0 336 639 325 270 23 53 1
0 336 640 325 270 23 53 1
0 336 641 325 270 23 53 1
0 336 642 325 270 23 53 1
0 336 643 323 270 23 53 1
0 336 644 323 270 23 53 1
0 336 645 323 270 23 53 1
0 336 646 323 270 23 53 1
0 336 647 323 270 23 53 1
0 336 648 321 270 23 53 1
0 336 649 321 270 23 53 1
0 336 650 321 270 23 53 1
0 336 651 321 270 23 53 1
0 336 652 321 270 23 53 1
0 336 653 321 270 23 53 1
0 336 654 320 268 23 53 1
0 336 655 320 268 23 53 1
0 336 656 320 268 23 53 1
0 336 657 320 268 23 53 1
0 336 658 320 268 23 53 1
0 336 659 318 268 23 53 1
0 336 660 318 268 23 53 1
0 336 661 318 268 23 53 1
0 336 662 318 268 23 53 1
0 336 663 318 268 23 53 1
0 336 664 318 268 23 53 1
0 336 665 316 268 23 53 1
0 336 666 316 268 23 53 1
0 336 667 316 268 23 53 1
0 336 668 316 268 23 53 1
0 336 669 316 268 23 53 1
0 336 670 316 268 23 53 1
0 336 671 314 266 23 54 1
0 336 672 314 266 23 54 1
0 336 673 314 266 23 54 1
0 336 674 314 266 23 54 1
0 336 675 314 266 23 54 1
0 336 676 314 266 23 54 1
0 336 677 312 266 24 54 1
0 336 678 312 266 24 54 1
0 336 679 312 266 24 54 1
0 336 680 312 266 24 54 1
0 336 681 312 266 24 54 1
0 336 682 312 266 24 54 1
0 336 683 311 266 23 54 1
0 336 684 311 266 23 54 1
0 336 685 311 266 23 54 1
0 336 686 311 266 23 54 1
0 336 687 311 264 23 54 1
0 336 688 311 264 23 54 1
0 336 689 309 264 23 54 1
0 336 690 309 264 23 54 1
0 336 691 309 264 23 54 1
0 336 692 309 264 23 54 1
0 336 693 309 264 23 54 1
0 336 694 309 264 23 54 1
0 336 695 309 264 23 54 1
0 336 696 307 264 23 54 1
0 336 697 307 264 23 54 1
0 336 698 307 264 23 54 1
0 336 699 307 264 23 54 1
0 336 700 307 264 23 54 1
0 336 701 307 264 23 54 1
0 336 702 305 264 23 54 1
0 336 703 305 264 23 54 1
0 336 704 305 263 23 53 1
0 336 705 305 263 23 53 1
0 336 706 305 263 23 53 1
0 336 707 305 263 23 53 1
0 336 708 304 263 23 53 1
0 336 709 304 263 23 53 1
0 336 710 304 263 23 53 1
0 336 711 304 263 23 53 1
0 336 712 304 263 23 53 1
0 336 713 304 263 23 53 1
0 336 714 302 263 23 53 1
0 336 715 302 263 23 53 1
0 336 716 302 263 23 53 1
0 336 717 302 263 23 53 1
0 336 718 302 263 23 53 1
0 336 719 302 263 23 53 1
0 336 720 302 263 23 53 1
0 336 721 300 261 23 53 1
0 336 722 300 261 23 53 1
0 336 723 300 261 23 53 1
0 336 724 300 261 23 53 1
0 336 725 300 261 23 53 1
0 336 726 300 261 23 53 1
0 336 727 300 261 23 53 1
0 336 728 300 261 23 53 1
0 336 729 300 261 23 53 1
0 336 730 300 261 23 53 1
0 336 731 300 261 23 53 1
0 336 732 300 261 23 53 1
0 336 733 300 261 23 53 1
0 336 734 300 259 23 53 1
0 336 735 300 259 23 53 1
0 336 736 300 259 23 53 1
0 336 737 300 259 23 53 1
0 336 738 300 259 23 53 1
0 336 739 300 259 23 53 1
0 336 740 300 259 23 53 1
0 336 741 300 259 23 53 1
0 336 742 300 259 23 53 1
0 336 743 300 259 23 53 1
0 336 744 300 259 23 53 1
0 336 745 300 259 23 53 1
0 336 746 300 259 23 53 1
0 336 747 300 257 23 54 1
0 336 748 300 257 23 54 1
0 336 749 300 257 23 54 1
0 336 750 300 257 23 54 1
0 336 751 300 257 23 54 1
0 336 752 300 257 23 54 1
0 336 753 300 257 23 54 1
0 336 754 300 257 23 54 1
0 336 755 300 257 23 54 1
0 336 756 300 257 23 54 1
0 336 757 300 257 23 54 1
0 336 758 300 257 23 54 1
0 336 759 300 257 23 54 1
1 489 271 1192 586 84 130 1
1 489 272 1184 583 85 133 1
1 489 273 1176 581 86 135 1
1 489 274 1169 579 86 137 1
1 489 275 1160 577 89 139 1
1 489 276 1153 576 89 140 1
1 489 277 1146 574 89 142 1
1 489 278 1137 572 93 144 1
1 489 279 1130 570 93 146 1
1 489 280 1123 568 93 148 1
1 489 281 1116 567 94 149 1
1 489 282 1109 563 94 151 1
1 489 283 1102 561 96 153 1
1 489 284 1095 560 96 154 1
1 489 285 1088 558 97 156 1
1 489 286 1080 556 98 158 1
1 489 287 1073 552 100 162 1
1 489 288 1066 551 100 163 1
1 489 289 1059 549 101 165 1
1 489 290 1052 547 101 167 1
1 489 291 1045 545 103 169 1
1 489 292 1038 542 103 172 1
1 489 293 1032 540 104 174 1
1 489 294 1025 538 103 176 1
1 489 295 1020 536 103 178 1
1 489 296 1013 533 103 181 1
1 489 297 1008 531 103 183 1
1 489 298 1000 529 104 185 1
1 489 299 995 528 103 186 1
1 489 300 990 526 103 188 1
1 489 301 984 522 102 192 1
1 489 302 981 520 99 194 1
1 489 303 977 519 98 195 1
1 489 304 972 515 98 199 1
1 489 305 968 513 96 201 1
1 489 306 965 512 92 202 1
1 489 307 960 508 92 206 1
1 489 308 956 506 91 208 1
1 489 309 952 504 89 210 1
1 489 310 949 503 87 213 1
1 489 311 944 501 87 211 1
1 489 312 938 499 87 212 1
1 489 313 933 497 89 212 1
1 489 314 928 496 88 211 1
1 489 315 922 494 89 210 1
1 489 316 917 492 91 210 1
1 489 317 912 490 90 210 1
1 489 318 906 490 93 208 1
1 489 319 901 488 92 207 1
1 489 320 896 487 92 206 1
1 489 321 890 485 94 206 1
1 489 322 885 483 94 206 1
1 489 323 880 481 94 205 1
1 489 324 874 480 96 204 1
1 489 325 869 478 96 204 1
1 489 326 864 478 97 202 1
1 489 327 860 474 96 203 1
1 489 328 856 472 95 203 1
1 489 329 855 471 92 202 1
1 489 330 851 467 91 203 1
1 489 331 849 465 89 203 1
1 489 332 846 464 87 202 1
1 489 333 844 460 85 203 1
1 489 334 840 458 84 203 1
1 489 335 839 456 81 203 1
1 489 336 833 455 84 201 1
1 489 337 830 453 85 201 1
1 489 338 824 453 88 199 1
1 489 339 821 451 89 199 1
1 489 340 817 451 91 197 1
1 489 341 816 449 88 196 1
1 489 342 816 449 87 194 1
1 489 343 814 448 87 193 1
1 489 344 814 448 83 192 1
1 489 345 812 446 84 192 1
1 489 346 812 446 82 190 1
1 489 347 810 444 82 190 1
1 489 348 810 444 78 188 1
1 489 349 808 442 79 189 1
1 489 350 808 442 77 187 1
1 489 351 808 442 75 185 1
1 489 352 805 440 75 184 1
1 489 353 801 439 75 181 1
1 489 354 800 439 72 179 1
1 489 355 796 437 73 178 1
1 489 356 794 435 73 176 1
1 489 357 791 435 73 174 1
1 489 358 789 433 71 173 1
1 489 359 785 432 71 170 1
1 489 360 784 432 71 168 1
1 489 361 780 430 71 169 1
1 489 362 778 428 71 169 1
1 489 363 775 426 71 169 1
1 489 364 773 424 71 169 1
1 489 365 771 423 71 169 1
1 489 366 768 421 71 169 1
1 489 367 766 419 71 169 1
1 489 368 764 417 71 169 1
1 489 369 760 416 72 168 1
1 489 370 759 414 71 169 1
1 489 371 757 414 71 169 1
1 489 372 753 412 71 169 1
1 489 373 752 412 71 167 1
1 489 374 748 410 71 169 1
1 489 375 746 410 71 167 1
1 489 376 743 410 71 166 1
1 489 377 741 408 71 168 1
1 489 378 739 408 71 166 1
1 489 379 736 408 71 164 1
1 489 380 734 407 71 165 1
1 489 381 730 407 71 163 1
1 489 382 728 405 72 165 1
1 489 383 725 405 71 163 1
1 489 384 723 405 71 162 1
1 489 385 721 403 71 164 1
1 489 386 718 403 71 162 1
1 489 387 716 403 71 160 1
1 489 388 712 401 72 162 1
1 489 389 711 401 71 160 1
1 489 390 709 401 71 160 1
1 489 391 705 400 71 160 1
1 489 392 704 398 71 160 1
1 489 393 702 398 71 158 1
1 489 394 700 396 69 158 1
1 489 395 698 396 70 156 1
1 489 396 695 394 71 158 1
1 489 397 693 394 69 157 1
1 489 398 691 392 69 157 1
1 489 399 689 392 70 155 1
1 489 400 688 391 69 154 1
1 489 401 686 391 67 153 1
1 489 402 682 389 70 155 1
1 489 403 680 389 70 153 1
1 489 404 679 387 67 153 1
1 489 405 677 387 67 151 1
1 489 406 675 385 68 151 1
1 489 407 673 385 68 151 1
1 489 408 670 384 67 151 1
1 489 409 668 384 68 149 1
1 489 410 666 382 68 149 1
1 489 411 664 382 68 147 1
1 489 412 661 380 67 149 1
1 489 413 659 380 68 148 1
1 489 414 657 378 68 148 1
1 489 415 656 378 67 146 1
1 489 416 652 376 68 148 1
1 489 417 650 376 68 146 1
1 489 418 648 375 68 145 1
1 489 419 647 375 67 144 1
1 489 420 643 373 68 146 1
1 489 421 641 373 68 144 1
1 489 422 640 371 67 144 1
1 489 423 638 371 67 142 1
1 489 424 636 371 68 142 1
1 489 425 634 369 66 143 1
1 489 426 632 369 66 143 1
1 489 427 631 369 64 143 1
1 489 428 629 368 64 142 1
1 489 429 627 368 62 142 1
1 489 430 625 368 63 142 1
1 489 431 624 366 60 142 1
1 489 432 622 366 60 142 1
1 489 433 620 366 59 142 1
1 489 434 618 364 59 142 1
1 489 435 616 364 57 142 1
1 489 436 615 364 57 142 1
1 489 437 613 362 55 142 1
1 489 438 611 362 55 142 1
1 489 439 609 362 55 142 1
1 489 440 606 360 55 143 1
1 489 441 604 360 55 143 1
1 489 442 602 359 55 142 1
1 489 443 600 359 56 142 1
1 489 444 599 359 55 142 1
1 489 445 597 357 55 142 1
1 489 446 595 357 55 142 1
1 489 447 593 357 55 142 1
1 489 448 592 355 55 142 1
1 489 449 590 355 55 142 1
1 489 450 588 355 55 142 1
1 489 451 586 353 55 143 1
1 489 452 584 353 56 143 1
1 489 453 583 353 55 143 1
1 489 454 581 352 53 142 1
1 489 455 581 352 51 142 1
1 489 456 579 350 52 142 1
1 489 457 579 350 50 142 1
1 489 458 577 350 50 142 1
1 489 459 577 348 47 142 1
1 489 460 577 348 45 142 1
1 489 461 576 348 44 142 1
1 489 462 576 346 42 142 1
1 489 463 574 346 42 142 1
1 489 464 574 346 41 142 1
1 489 465 574 344 37 143 1
1 489 466 572 344 37 143 1
1 489 467 572 343 36 142 1
1 489 468 570 343 36 142 1
1 489 469 570 343 34 142 1
1 489 470 570 341 30 142 1
1 489 471 568 341 31 142 1
1 489 472 568 341 29 142 1
1 489 473 567 339 28 142 1
1 489 474 567 339 26 142 1
1 489 475 567 339 25 142 1
1 489 476 563 337 27 143 1
1 489 477 560 337 28 141 1
1 489 478 558 337 28 141 1
1 489 479 554 337 30 139 1
1 489 480 552 337 31 139 1
1 489 481 549 337 32 137 1
1 489 482 547 337 32 137 1
1 489 483 544 336 33 136 1
1 489 484 542 336 34 136 1
1 489 485 538 336 36 135 1
1 489 486 536 336 38 135 1
1 489 487 533 336 39 133 1
1 489 488 531 336 39 133 1
1 489 489 528 336 40 131 1
1 489 490 526 334 41 133 1
1 489 491 522 334 43 131 1
1 489 492 520 334 43 131 1
1 489 493 517 334 44 130 1
1 489 494 515 334 45 130 1
1 489 495 512 334 46 128 1
1 489 496 510 334 48 128 1
1 489 497 508 332 48 128 1
1 489 498 506 332 48 128 1
1 489 499 506 330 48 128 1
1 489 500 504 330 48 128 1
1 489 501 503 330 48 128 1
1 489 502 503 328 48 128 1
1 489 503 501 328 48 128 1
1 489 504 499 327 48 128 1
1 489 505 499 327 48 128 1
1 489 506 497 327 48 128 1
1 489 507 496 325 48 128 1
1 489 508 496 325 48 128 1
1 489 509 494 325 48 128 1
1 489 510 492 323 48 128 1
1 489 511 492 323 48 128 1
1 489 512 490 321 48 128 1
1 489 513 488 321 48 128 1
1 489 514 488 321 48 128 1
1 489 515 487 320 48 128 1
1 489 516 485 320 48 128 1
1 489 517 485 320 48 128 1
1 489 518 483 318 48 128 1
1 489 519 481 318 48 128 1
1 489 520 481 318 48 128 1
1 489 521 480 318 48 128 1
1 489 522 480 316 48 128 1
1 489 523 478 316 48 128 1
1 489 524 478 316 48 128 1
1 489 525 476 316 48 128 1
1 489 526 476 314 48 128 1
1 489 527 474 314 48 128 1
1 489 528 474 314 48 128 1
1 489 529 472 314 48 128 1
1 489 530 471 314 48 128 1
1 489 531 471 312 48 128 1
1 489 532 469 312 48 128 1
1 489 533 469 312 48 128 1
1 489 534 467 312 48 128 1
1 489 535 467 311 48 128 1
1 489 536 465 311 48 128 1
1 489 537 465 311 48 128 1
1 489 538 464 311 48 128 1
1 489 539 464 311 48 128 1
1 489 540 462 309 48 126 1
1 489 541 462 309 48 124 1
1 489 542 460 309 48 123 1
1 489 543 460 309 48 119 1
1 489 544 458 309 48 117 1
1 489 545 458 309 48 115 1
1 489 546 458 309 48 112 1
1 489 547 456 309 48 110 1
1 489 548 456 309 48 108 1
1 489 549 455 309 48 105 1
1 489 550 455 309 48 103 1
1 489 551 455 309 48 101 1
1 489 552 453 309 48 98 1
1 489 553 453 309 48 96 1
1 489 554 451 309 48 94 1
1 489 555 451 309 48 92 1
1 489 556 451 309 48 89 1
1 489 557 449 309 48 87 1
1 489 558 449 309 48 85 1
1 489 559 448 309 48 82 1
1 489 560 448 309 48 80 1
1 489 561 448 309 48 78 1
1 489 562 446 309 48 75 1
1 489 563 446 309 48 73 1
1 489 564 444 309 48 71 1
1 489 565 444 309 48 67 1
1 489 566 444 309 48 66 1
1 489 567 442 309 48 64 1
1 489 568 442 309 48 60 1
1 489 569 440 309 48 59 1
1 489 570 440 309 48 57 1
1 489 571 440 309 48 55 1
1 489 572 439 307 48 55 1
1 489 573 439 307 46 55 1
1 489 574 437 307 46 55 1
1 489 575 437 307 46 53 1
1 489 576 435 307 46 53 1
1 489 577 435 307 45 53 1
1 489 578 433 305 47 55 1
1 489 579 433 305 45 54 1
1 489 580 432 305 44 54 1
1 489 581 432 305 44 54 1
1 489 582 430 305 44 54 1
1 489 583 430 305 42 52 1
1 489 584 428 304 44 53 1
1 489 585 428 304 43 53 1
1 489 586 426 304 43 53 1
1 489 587 426 304 43 51 1
1 489 588 424 304 43 51 1
1 489 589 424 304 41 51 1
1 489 590 424 304 41 51 1
1 489 591 423 302 41 53 1
1 489 592 423 302 41 53 1
1 489 593 423 302 41 53 1
1 489 594 421 302 41 53 1
1 489 595 421 302 41 55 1
1 489 596 421 300 41 57 1
1 489 597 419 300 41 57 1
1 489 598 419 300 41 57 1
1 489 599 419 300 41 57 1
1 489 600 419 300 41 59 1
1 489 601 417 298 41 59 1
1 489 602 417 298 41 59 1
1 489 603 417 298 39 59 1
1 489 604 417 298 39 59 1
1 489 605 417 298 38 59 1
1 489 606 416 298 39 59 1
1 489 607 416 298 37 59 1
1 489 608 416 298 37 59 1
1 489 609 416 298 37 59 1
1 489 610 416 298 35 59 1
1 489 611 414 296 37 61 1
1 489 612 414 296 35 61 1
1 489 613 414 296 35 61 1
1 489 614 414 296 34 61 1
1 489 615 414 296 34 61 1
1 489 616 412 296 36 61 1
1 489 617 412 296 34 61 1
1 489 618 412 296 34 61 1
1 489 619 412 296 32 61 1
1 489 620 412 296 32 61 1
1 489 621 410 295 32 62 1
1 489 622 410 295 32 62 1
1 489 623 410 295 32 62 1
1 489 624 410 295 30 62 1
1 489 625 410 295 30 62 1
1 489 626 408 295 31 62 1
1 489 627 408 295 31 62 1
1 489 628 408 295 29 62 1
1 489 629 408 295 29 62 1
1 489 630 408 295 29 62 1
1 489 631 407 293 28 64 1
1 489 632 407 293 28 64 1
1 489 633 405 293 28 64 1
1 489 634 405 293 28 64 1
1 489 635 403 293 29 66 1
1 489 636 403 293 29 66 1
1 489 637 401 293 29 66 1
1 489 638 401 291 29 68 1
1 489 639 401 291 29 68 1
1 489 640 400 291 28 69 1
1 489 641 400 291 28 69 1
1 489 642 398 291 28 69 1
1 489 643 398 291 28 69 1
1 489 644 396 291 28 69 1
1 489 645 396 291 28 71 1
1 489 646 396 289 28 73 1
1 489 647 394 289 29 73 1
1 489 648 394 289 29 73 1
1 489 649 392 289 29 73 1
1 489 650 392 289 29 75 1
1 489 651 391 289 28 75 1
1 489 652 391 289 28 75 1
1 489 653 391 288 28 76 1
1 489 654 389 288 28 76 1
1 489 655 389 288 28 78 1
1 489 656 387 288 29 78 1
1 489 657 387 288 29 78 1
1 489 658 385 288 29 78 1
1 489 659 385 288 29 78 1
1 489 660 385 288 29 80 1
1 489 661 384 286 28 80 1
1 489 662 384 286 28 80 1
1 489 663 382 286 28 80 1
1 489 664 382 286 28 80 1
1 489 665 382 286 28 80 1
1 489 666 380 286 28 80 1
1 489 667 380 286 28 80 1
1 489 668 380 286 28 80 1
1 489 669 378 286 29 80 1
1 489 670 378 286 29 80 1
1 489 671 376 286 29 80 1
1 489 672 376 286 29 80 1
1 489 673 376 286 29 80 1
1 489 674 375 286 28 80 1
1 489 675 375 286 28 80 1
1 489 676 375 284 28 80 1
1 489 677 373 284 28 80 1
1 489 678 373 284 28 80 1
1 489 679 373 284 28 80 1
1 489 680 371 284 29 80 1
1 489 681 371 284 29 80 1
1 489 682 369 284 29 80 1
1 489 683 369 284 29 80 1
1 489 684 369 284 29 80 1
1 489 685 368 284 28 80 1
1 489 686 368 284 28 80 1
1 489 687 368 284 28 80 1
1 489 688 366 284 28 80 1
1 489 689 366 284 28 80 1
1 489 690 366 284 28 80 1
1 489 691 364 282 28 80 1
1 489 692 364 282 28 80 1
1 489 693 364 282 28 80 1
1 489 694 364 282 28 80 1
1 489 695 362 282 29 80 1
1 489 696 362 282 29 80 1
1 489 697 362 282 29 80 1
1 489 698 362 282 29 80 1
1 489 699 362 282 29 80 1
1 489 700 360 282 29 80 1
1 489 701 360 282 29 80 1
1 489 702 360 282 29 80 1
1 489 703 360 282 29 80 1
1 489 704 359 282 28 80 1
1 489 705 359 282 28 80 1
1 489 706 359 282 28 80 1
1 489 707 359 282 28 80 1
1 489 708 359 282 28 80 1
1 489 709 357 282 28 80 1
1 489 710 357 282 28 80 1
1 489 711 357 282 28 80 1
1 489 712 357 282 28 80 1
1 489 713 355 282 29 80 1
1 489 714 355 282 29 80 1
1 489 715 355 282 29 80 1
1 489 716 355 280 29 80 1
1 489 717 355 280 29 80 1
1 489 718 353 280 29 80 1
1 489 719 353 280 29 80 1
1 489 720 353 280 29 80 1
1 489 721 353 280 29 80 1
1 489 722 352 280 28 80 1
1 489 723 352 280 28 80 1
1 489 724 352 280 28 80 1
1 489 725 352 280 28 80 1
1 489 726 352 280 28 80 1
1 489 727 350 280 28 80 1
1 489 728 350 280 28 80 1
1 489 729 350 280 28 80 1
1 489 730 350 280 28 80 1
1 489 731 348 280 28 80 1
1 489 732 348 280 28 80 1
1 489 733 348 280 28 80 1
1 489 734 348 280 28 80 1
1 489 735 348 280 28 80 1
1 489 736 346 280 29 80 1
1 489 737 346 280 29 80 1
1 489 738 346 280 29 80 1
1 489 739 346 280 29 80 1
1 489 740 346 280 29 80 1
1 489 741 344 279 29 80 1
1 489 742 344 279 29 80 1
1 489 743 344 279 29 80 1
1 489 744 344 277 29 80 1
1 489 745 344 277 29 80 1
1 489 746 344 277 29 80 1
1 489 747 344 277 29 80 1
1 489 748 344 275 29 80 1
1 489 749 344 275 29 80 1
1 489 750 344 275 29 80 1
1 489 751 344 275 29 80 1
1 489 752 344 273 29 80 1
1 489 753 344 273 29 80 1
1 489 754 344 273 29 80 1
1 489 755 344 273 29 80 1
1 489 756 344 272 29 80 1
1 489 757 344 272 29 80 1
1 489 758 344 272 29 80 1
1 489 759 344 272 29 80 1
2 540 90 1260 282 16 93 1
2 540 91 1256 282 20 94 1
2 540 92 1253 282 23 96 1
2 540 93 1251 282 25 98 1
2 540 94 1248 282 28 100 1
2 540 95 1244 282 32 102 1
2 540 96 1242 282 34 103 1
2 540 97 1239 282 37 105 1
2 540 98 1235 282 41 107 1
2 540 99 1233 282 43 109 1
2 540 100 1230 282 46 110 1
2 540 101 1228 284 48 112 1
2 540 102 1226 284 48 112 1
2 540 103 1226 284 48 114 1
2 540 104 1224 284 48 114 1
2 540 105 1224 284 48 116 1
2 540 106 1223 286 49 115 1
2 540 107 1223 286 48 115 1
2 540 108 1221 286 50 117 1
2 540 109 1221 286 48 117 1
2 540 110 1219 286 50 119 1
2 540 111 1219 288 50 119 1
2 540 112 1216 288 49 119 1
2 540 113 1214 288 50 119 1
2 540 114 1210 288 50 119 1
2 540 115 1208 288 50 119 1
2 540 116 1207 289 49 118 1
2 540 117 1203 289 50 118 1
2 540 118 1201 289 50 118 1
2 540 119 1198 289 50 118 1
2 540 120 1196 289 50 118 1
2 540 121 1194 291 50 116 1
2 540 122 1191 291 49 116 1
2 540 123 1189 293 50 115 1
2 540 124 1187 293 50 115 1
2 540 125 1185 295 50 115 1
2 540 126 1184 296 49 116 1
2 540 127 1180 296 52 116 1
2 540 128 1178 298 52 116 1
2 540 129 1176 298 52 116 1
2 540 130 1175 300 51 116 1
2 540 131 1173 302 51 115 1
2 540 132 1169 302 52 115 1
2 540 133 1166 302 51 115 1
2 540 134 1164 302 52 115 1
2 540 135 1160 302 52 115 1
2 540 136 1159 304 51 113 1
2 540 137 1155 304 52 113 1
2 540 138 1152 304 51 113 1
2 540 139 1150 304 51 113 1
2 540 140 1146 304 52 113 1
2 540 141 1144 305 52 114 1
2 540 142 1143 305 51 114 1
2 540 143 1141 305 51 114 1
2 540 144 1139 305 53 114 1
2 540 145 1139 305 52 114 1
2 540 146 1137 305 54 116 1
2 540 147 1136 305 53 116 1
2 540 148 1136 305 51 116 1
2 540 149 1134 305 53 116 1
2 540 150 1132 305 53 116 1
2 540 151 1132 307 53 116 1
2 540 152 1130 305 54 116 1
2 540 153 1128 305 54 116 1
2 540 154 1127 305 53 116 1
2 540 155 1125 305 53 116 1
2 540 156 1123 305 53 116 1
2 540 157 1121 305 54 116 1
2 540 158 1120 305 53 116 1
2 540 159 1118 305 53 116 1
2 540 160 1116 305 53 116 1
2 540 161 1116 305 52 116 1
2 540 162 1114 305 52 116 1
2 540 163 1112 307 52 116 1
2 540 164 1111 307 51 116 1
2 540 165 1109 309 51 115 1
2 540 166 1107 311 53 115 1
2 540 167 1105 311 54 115 1
2 540 168 1104 312 53 116 1
2 540 169 1102 312 53 116 1
2 540 170 1100 314 53 116 1
2 540 171 1098 316 55 116 1
2 540 172 1095 316 55 116 1
2 540 173 1093 318 55 114 1
2 540 174 1091 320 55 112 1
2 540 175 1089 321 55 111 1
2 540 176 1088 323 55 109 1
2 540 177 1084 325 55 107 1
2 540 178 1082 327 55 105 1
2 540 179 1080 328 56 104 1
2 540 180 1079 330 55 102 1
2 540 181 1077 332 55 100 1
2 540 182 1073 332 55 100 1
2 540 183 1072 334 55 99 1
2 540 184 1068 336 55 99 1
2 540 185 1066 337 55 100 1
2 540 186 1064 339 56 100 1
2 540 187 1061 339 55 101 1
2 540 188 1059 341 55 101 1
2 540 189 1056 343 55 101 1
2 540 190 1054 344 55 102 1
2 540 191 1052 346 55 102 1
2 540 192 1048 346 56 105 1
2 540 193 1047 346 55 109 1
2 540 194 1043 348 57 110 1
2 540 195 1041 348 55 116 1
2 540 196 1040 350 55 117 1
2 540 197 1036 350 57 121 1
2 540 198 1034 350 55 126 1
2 540 199 1031 352 57 128 1
2 540 200 1029 352 57 131 1
2 540 201 1027 353 57 135 1
2 540 202 1024 353 56 135 1
2 540 203 1020 353 57 135 1
2 540 204 1016 355 57 135 1
2 540 205 1013 355 57 135 1
2 540 206 1009 357 59 135 1
2 540 207 1006 357 58 135 1
2 540 208 1002 357 59 135 1
2 540 209 999 359 58 135 1
2 540 210 995 359 59 135 1
2 540 211 993 360 59 136 1
2 540 212 990 360 58 134 1
2 540 213 986 360 59 134 1
2 540 214 983 360 58 134 1
2 540 215 979 360 59 134 1
2 540 216 977 360 59 134 1
2 540 217 974 360 58 134 1
2 540 218 970 360 59 134 1
2 540 219 967 360 58 134 1
2 540 220 963 360 61 134 1
2 540 221 961 360 59 134 1
2 540 222 958 360 58 132 1
2 540 223 954 360 59 132 1
2 540 224 951 360 60 132 1
2 540 225 947 360 61 132 1
2 540 226 945 362 59 130 1
2 540 227 942 362 58 130 1
2 540 228 938 362 59 130 1
2 540 229 935 362 60 130 1
2 540 230 931 362 61 130 1
2 540 231 929 362 59 130 1
2 540 232 926 362 58 128 1
2 540 233 922 362 61 128 1
2 540 234 919 362 60 128 1
2 540 235 915 362 61 128 1
2 540 236 913 362 59 128 1
2 540 237 910 362 60 128 1
2 540 238 906 362 61 128 1
2 540 239 903 362 60 128 1
2 540 240 899 362 61 128 1
2 540 241 897 364 61 126 1
2 540 242 892 362 62 126 1
2 540 243 888 362 63 126 1
2 540 244 885 362 62 126 1
2 540 245 880 362 64 126 1
2 540 246 876 362 64 126 1
2 540 247 872 362 64 126 1
2 540 248 867 362 66 126 1
2 540 249 864 362 65 126 1
2 540 250 860 362 66 126 1
2 540 251 856 362 68 126 1
2 540 252 853 360 67 127 1
2 540 253 849 360 68 127 1
2 540 254 846 360 67 127 1
2 540 255 842 360 68 127 1
2 540 256 839 360 67 127 1
2 540 257 835 360 68 127 1
2 540 258 832 360 67 127 1
2 540 259 828 360 68 127 1
2 540 260 824 360 68 127 1
2 540 261 821 359 67 126 1
2 540 262 817 359 68 126 1
2 540 263 814 359 67 126 1
2 540 264 810 359 68 126 1
2 540 265 807 359 67 126 1
2 540 266 803 359 68 126 1
2 540 267 800 359 67 126 1
2 540 268 796 359 68 126 1
2 540 269 792 359 68 126 1
2 540 270 789 359 67 126 1
2 540 271 785 357 68 126 1
2 540 272 782 357 67 126 1
2 540 273 778 357 68 126 1
2 540 274 775 357 67 126 1
2 540 275 771 357 68 126 1
2 540 276 769 357 68 126 1
2 540 277 766 357 67 126 1
2 540 278 762 357 68 126 1
2 540 279 759 357 67 126 1
2 540 280 755 357 68 126 1
2 540 281 752 355 67 126 1
2 540 282 748 355 68 126 1
2 540 283 744 355 68 126 1
2 540 284 741 355 67 126 1
2 540 285 737 355 68 126 1
2 540 286 734 355 67 126 1
2 540 287 730 355 68 126 1
2 540 288 727 355 67 126 1
2 540 289 723 355 68 126 1
2 540 290 720 355 67 126 1
2 540 291 716 353 68 127 1
2 540 292 712 353 68 127 1
2 540 293 709 353 67 127 1
2 540 294 705 353 68 127 1
2 540 295 702 353 67 127 1
2 540 296 698 353 68 127 1
2 540 297 695 353 67 127 1
2 540 298 691 353 68 127 1
2 540 299 688 353 67 127 1
2 540 300 686 353 67 127 1
2 540 301 682 353 68 127 1
2 540 302 679 353 67 127 1
2 540 303 675 353 68 127 1
2 540 304 673 353 66 127 1
2 540 305 670 353 67 127 1
2 540 306 666 353 68 127 1
2 540 307 664 353 66 127 1
2 540 308 661 353 66 127 1
2 540 309 657 353 66 127 1
2 540 310 656 355 65 126 1
2 540 311 652 353 64 127 1
2 540 312 648 353 64 127 1
2 540 313 645 353 62 127 1
2 540 314 641 353 63 127 1
2 540 315 638 353 62 127 1
2 540 316 634 353 61 127 1
2 540 317 631 353 60 127 1
2 540 318 627 353 61 127 1
2 540 319 624 352 58 126 1
2 540 320 620 352 59 126 1
2 540 321 616 352 57 126 1
2 540 322 613 352 57 126 1
2 540 323 609 352 57 126 1
2 540 324 606 352 55 126 1
2 540 325 602 352 55 126 1
2 540 326 600 352 54 126 1
2 540 327 597 350 53 126 1
2 540 328 593 350 54 126 1
2 540 329 590 350 55 126 1
2 540 330 586 350 55 126 1
2 540 331 584 350 54 126 1
2 540 332 581 350 55 126 1
2 540 333 577 350 55 126 1
2 540 334 574 350 55 126 1
2 540 335 572 350 55 126 1
2 540 336 567 348 57 126 1
2 540 337 561 348 59 126 1
2 540 338 558 346 58 126 1
2 540 339 552 346 61 126 1
2 540 340 549 346 62 126 1
2 540 341 545 344 63 127 1
2 540 342 542 344 62 127 1
2 540 343 538 344 62 127 1
2 540 344 535 343 64 126 1
2 540 345 531 343 64 126 1
2 540 346 528 343 64 126 1
2 540 347 526 343 64 126 1
2 540 348 526 343 60 126 1
2 540 349 526 343 58 126 1
2 540 350 526 343 57 126 1
2 540 351 526 343 55 126 1
2 540 352 520 343 57 126 1
2 540 353 517 343 57 126 1
2 540 354 513 343 57 126 1
2 540 355 510 343 57 126 1
2 540 356 504 344 59 127 1
2 540 357 501 344 59 127 1
2 540 358 497 344 59 127 1
2 540 359 494 344 58 127 1
2 540 360 490 346 61 126 1
2 540 361 487 344 60 127 1
2 540 362 483 344 61 127 1
2 540 363 481 343 61 126 1
2 540 364 478 343 60 126 1
2 540 365 476 343 60 126 1
2 540 366 472 341 61 126 1
2 540 367 471 341 60 126 1
2 540 368 467 341 61 126 1
2 540 369 465 339 61 126 1
2 540 370 462 339 60 126 1
2 540 371 460 339 60 126 1
2 540 372 456 339 59 125 1
2 540 373 453 339 59 125 1
2 540 374 451 339 57 125 1
2 540 375 448 339 56 125 1
2 540 376 446 339 55 123 1
2 540 377 442 339 55 123 1
2 540 378 440 339 52 123 1
2 540 379 437 339 51 123 1
2 540 380 435 339 50 123 1
2 540 381 432 339 49 121 1
2 540 382 430 339 48 121 1
2 540 383 426 339 48 121 1
2 540 384 424 339 45 121 1
2 540 385 421 339 44 121 1
2 540 386 419 339 43 119 1
2 540 387 416 339 42 119 1
2 540 388 414 339 41 119 1
2 540 389 410 339 41 119 1
2 540 390 408 339 40 119 1
2 540 391 405 337 39 119 1
2 540 392 401 337 41 119 1
2 540 393 400 337 40 119 1
2 540 394 396 337 43 119 1
2 540 395 392 337 43 119 1
2 540 396 391 336 42 119 1
2 540 397 387 336 45 119 1
2 540 398 384 336 46 119 1
2 540 399 382 336 44 119 1
2 540 400 378 336 46 119 1
2 540 401 375 336 48 119 1
2 540 402 373 334 48 119 1
2 540 403 369 334 48 119 1
2 540 404 366 334 50 119 1
2 540 405 364 334 50 119 1
2 540 406 360 334 52 119 1
2 540 407 359 334 51 119 1
2 540 408 355 332 52 119 1
2 540 409 353 332 52 119 1
2 540 410 350 332 51 119 1
2 540 411 348 332 52 119 1
2 540 412 346 332 52 119 1
2 540 413 343 332 51 119 1
2 540 414 341 332 51 119 1
2 540 415 339 332 52 119 1
2 540 416 336 330 51 119 1
2 540 417 334 330 51 119 1
2 540 418 332 330 52 119 1
2 540 419 328 330 52 119 1
2 540 420 327 330 51 119 1
2 540 421 325 330 51 119 1
2 540 422 321 330 52 119 1
2 540 423 320 330 51 119 1
2 540 424 318 330 51 119 1
2 540 425 314 330 52 118 1
2 540 426 311 330 51 118 1
2 540 427 309 330 51 118 1
2 540 428 305 330 52 118 1
2 540 429 302 330 51 118 1
2 540 430 300 330 52 116 1
2 540 431 296 330 52 116 1
2 540 432 293 330 51 116 1
2 540 433 291 330 52 116 1
2 540 434 288 330 51 116 1
2 540 435 284 330 52 114 1
2 540 436 282 330 52 114 1
2 540 437 279 330 51 114 1
2 540 438 275 330 52 114 1
2 540 439 273 330 52 114 1
2 540 440 270 328 51 114 1
2 540 441 268 328 52 114 1
2 540 442 264 328 52 114 1
2 540 443 263 327 51 113 1
2 540 444 259 327 52 113 1
2 540 445 257 327 52 113 1
2 540 446 256 327 51 113 1
2 540 447 252 325 52 114 1
2 540 448 250 325 52 114 1
2 540 449 247 325 51 114 1
2 540 450 245 323 51 114 1
2 540 451 241 323 52 114 1
2 540 452 240 323 51 114 1
2 540 453 238 323 51 114 1
2 540 454 234 321 52 114 1
2 540 455 232 321 52 114 1
2 540 456 231 321 51 114 1
2 540 457 229 321 51 114 1
2 540 458 227 321 50 114 1
2 540 459 225 321 50 114 1
2 540 460 224 321 49 114 1
2 540 461 220 321 52 114 1
2 540 462 218 321 50 114 1
2 540 463 216 321 50 114 1
2 540 464 215 321 49 114 1
2 540 465 213 320 50 113 1
2 540 466 211 320 50 113 1
2 540 467 209 320 48 113 1
2 540 468 206 320 50 113 1
2 540 469 204 320 50 113 1
2 540 470 202 320 50 113 1
2 540 471 200 320 48 113 1
2 540 472 199 320 48 113 1
2 540 473 197 320 48 113 1
2 540 474 195 320 48 113 1
2 540 475 193 320 48 113 1
2 540 476 190 318 48 114 1
2 540 477 188 318 48 114 1
2 540 478 186 318 48 114 1
2 540 479 184 318 48 114 1
2 540 480 183 318 48 114 1
2 540 481 181 316 48 114 1
2 540 482 179 316 48 114 1
2 540 483 177 316 48 114 1
2 540 484 176 316 48 114 1
2 540 485 174 316 48 114 1
2 540 486 172 314 48 114 1
2 540 487 170 314 48 114 1
2 540 488 168 314 48 114 1
2 540 489 167 314 48 114 1
2 540 490 165 314 48 114 1
2 540 491 163 312 48 114 1
2 540 492 161 312 48 114 1
2 540 493 160 312 48 114 1
2 540 494 158 312 48 114 1
2 540 495 156 312 48 114 1
2 540 496 154 312 48 114 1
2 540 497 152 311 48 113 1
2 540 498 151 311 48 113 1
2 540 499 149 311 48 113 1
2 540 500 147 309 48 114 1
2 540 501 145 309 48 114 1
2 540 502 144 309 48 114 1
2 540 503 142 307 48 114 1
2 540 504 140 307 48 114 1
2 540 505 138 307 48 114 1
2 540 506 136 305 48 114 1
2 540 507 136 305 48 114 1
2 540 508 135 305 48 114 1
2 540 509 133 304 48 113 1
2 540 510 131 304 48 113 1
2 540 511 129 304 48 113 1
2 540 512 128 302 48 114 1
2 540 513 126 302 48 114 1
2 540 514 124 302 48 114 1
2 540 515 122 300 48 114 1
2 540 516 120 300 48 114 1
2 540 517 120 300 48 114 1
2 540 518 119 300 48 114 1
2 540 519 117 300 48 114 1
2 540 520 115 300 48 114 1
2 540 521 113 300 48 114 1
2 540 522 112 300 48 114 1
2 540 523 112 300 48 114 1
2 540 524 110 300 48 114 1
2 540 525 108 300 48 114 1
2 540 526 106 300 48 114 1
2 540 527 104 300 48 114 1
2 540 528 104 300 48 114 1
2 540 529 103 300 48 114 1
2 540 530 101 300 48 114 1
2 540 531 99 300 48 114 1
2 540 532 97 300 48 114 1
2 540 533 96 300 48 114 1
2 540 534 96 300 48 114 1
2 540 535 94 300 48 114 1
2 540 536 92 300 48 114 1
2 540 537 90 300 48 114 1
2 540 538 88 300 48 114 1
2 540 539 88 302 48 114 1
2 540 540 87 300 48 114 1
2 540 541 85 300 48 114 1
2 540 542 83 300 48 112 1
2 540 543 83 300 48 112 1
2 540 544 81 300 48 110 1
2 540 545 80 300 48 110 1
2 540 546 78 300 48 108 1
2 540 547 78 300 48 108 1
2 540 548 76 298 48 109 1
2 540 549 74 298 48 109 1
2 540 550 72 298 50 107 1
2 540 551 72 298 48 107 1
2 540 552 71 298 48 105 1
2 540 553 69 298 48 105 1
2 540 554 67 298 50 103 1
2 540 555 67 298 48 103 1
2 540 556 65 296 48 105 1
2 540 557 64 296 49 104 1
2 540 558 62 296 50 104 1
2 540 559 62 296 48 102 1
2 540 560 60 296 48 102 1
2 540 561 58 296 50 100 1
2 540 562 56 296 50 100 1
2 540 563 56 296 48 98 1
2 540 564 55 295 49 99 1
2 540 565 53 295 50 97 1
2 540 566 51 295 50 97 1
2 540 567 51 295 48 96 1
2 540 568 49 295 50 96 1
2 540 569 48 295 49 94 1
2 540 570 46 295 50 94 1
2 540 571 46 295 50 94 1
2 540 572 44 293 50 94 1
2 540 573 42 293 50 94 1
2 540 574 42 293 48 94 1
2 540 575 40 293 48 94 1
2 540 576 39 293 48 94 1
2 540 577 39 293 46 94 1
2 540 578 37 293 48 94 1
2 540 579 35 293 48 94 1
2 540 580 35 293 46 94 1
2 540 581 33 291 47 94 1
2 540 582 33 291 45 94 1
2 540 583 32 291 44 94 1
2 540 584 30 291 46 94 1
2 540 585 30 291 44 94 1
2 540 586 28 291 44 94 1
2 540 587 26 291 45 94 1
2 540 588 26 291 43 94 1
2 540 589 24 291 43 94 1
2 540 590 24 291 43 94 1
2 540 591 23 289 42 95 1
2 540 592 21 289 43 95 1
2 540 593 19 289 43 95 1
2 540 594 19 289 41 95 1
2 540 595 17 289 41 95 1
2 540 596 16 289 40 95 1
2 540 597 16 289 39 95 1
2 540 598 14 289 39 95 1
2 540 599 12 289 39 95 1
2 540 600 12 289 37 95 1
2 540 601 10 289 38 93 1
2 540 602 10 289 36 93 1
2 540 603 8 289 36 93 1
2 540 604 8 289 34 93 1
2 540 605 7 291 33 91 1
2 540 606 7 291 32 91 1
2 540 607 5 291 32 91 1
2 540 608 5 291 30 91 1
2 540 609 3 291 30 91 1
2 540 610 3 293 29 89 1
2 540 611 1 291 29 89 1
2 540 612 1 291 29 89 1
2 540 613 1 291 27 89 1
2 540 614 1 291 27 89 1
2 540 615 1 291 27 89 1
2 540 616 1 291 25 89 1
2 540 617 1 291 25 89 1
2 540 618 1 291 23 89 1
2 540 619 1 291 23 89 1
2 540 620 1 291 23 89 1
2 540 621 0 291 24 89 1
2 540 622 0 291 24 89 1
2 540 623 0 291 24 89 1
2 540 624 0 291 24 89 1
2 540 625 0 291 24 89 1
2 540 626 0 291 24 89 1
2 540 627 0 291 24 89 1
2 540 628 0 291 24 89 1
2 540 629 0 291 24 89 1
3 120 640 727 330 30 82 1
3 120 641 727 330 30 82 1
3 120 642 728 330 31 82 1
3 120 643 728 330 31 84 1
3 120 644 730 330 30 84 1
3 120 645 730 330 30 86 1
3 120 646 732 332 30 84 1
3 120 647 732 332 30 84 1
3 120 648 734 332 30 85 1
3 120 649 734 332 30 85 1
3 120 650 736 332 30 87 1
3 120 651 736 332 30 87 1
3 120 652 737 334 31 85 1
3 120 653 737 334 31 87 1
3 120 654 739 334 30 87 1
3 120 655 739 334 30 89 1
3 120 656 741 334 30 89 1
3 120 657 741 334 30 89 1
3 120 658 743 336 30 88 1
3 120 659 743 336 30 88 1
3 120 660 744 336 31 90 1
3 120 661 744 336 31 90 1
3 120 662 746 336 30 90 1
3 120 663 746 336 30 92 1
3 120 664 748 337 30 91 1
3 120 665 748 337 30 93 1
3 120 666 750 337 30 93 1
3 120 667 750 337 30 93 1
3 120 668 752 337 30 95 1
3 120 669 752 337 30 95 1
3 120 670 753 339 31 94 1
3 120 671 753 339 31 94 1
3 120 672 755 339 30 94 1
3 120 673 755 339 32 96 1
3 120 674 757 339 30 96 1
3 120 675 759 339 30 98 1
3 120 676 759 339 32 98 1
3 120 677 760 339 31 98 1
3 120 678 760 341 32 98 1
3 120 679 762 341 32 98 1
3 120 680 764 341 32 99 1
3 120 681 764 341 32 99 1
3 120 682 766 341 32 99 1
3 120 683 766 341 34 101 1
3 120 684 768 341 32 101 1
3 120 685 769 343 32 101 1
3 120 686 769 343 34 101 1
3 120 687 771 343 32 101 1
3 120 688 771 343 34 103 1
3 120 689 773 343 34 103 1
3 120 690 775 343 33 105 1
3 120 691 775 343 33 105 1
3 120 692 776 343 34 105 1
3 120 693 776 344 36 105 1
3 120 694 778 344 34 105 1
3 120 695 780 344 34 107 1
3 120 696 780 344 36 107 1
3 120 697 782 344 34 107 1
3 120 698 782 344 35 109 1
3 120 699 784 344 35 109 1
3 120 700 785 346 36 109 1
3 120 701 785 346 36 109 1
3 120 702 785 346 38 110 1
3 120 703 787 348 36 108 1
3 120 704 787 348 37 110 1
3 120 705 789 350 37 110 1
3 120 706 789 350 37 110 1
3 120 707 791 352 37 110 1
3 120 708 791 352 37 110 1
3 120 709 792 353 38 111 1
3 120 710 792 353 40 112 1
3 120 711 794 355 38 110 1
3 120 712 794 355 39 112 1
3 120 713 796 357 37 110 1
3 120 714 796 357 39 112 1
3 120 715 798 359 39 112 1
3 120 716 798 359 39 112 1
3 120 717 798 359 41 113 1
3 120 718 800 360 39 112 1
3 120 719 800 360 40 114 1
3 120 720 801 362 41 114 1
3 120 721 801 362 41 114 1
3 120 722 803 364 41 114 1
3 120 723 803 364 41 114 1
3 120 724 805 366 41 114 1
3 120 725 805 366 43 115 1
3 120 726 807 368 41 113 1
3 120 727 807 368 42 115 1
3 120 728 808 369 41 114 1
3 120 729 808 369 43 116 1
3 120 730 810 371 43 116 1
3 120 731 812 371 43 116 1
3 120 732 814 371 42 117 1
3 120 733 816 371 42 117 1
3 120 734 817 373 43 117 1
3 120 735 819 373 43 117 1
3 120 736 821 373 43 119 1
3 120 737 823 373 42 119 1
3 120 738 824 375 43 119 1
3 120 739 826 375 43 119 1
3 120 740 830 375 42 121 1
3 120 741 832 376 42 121 1
3 120 742 833 376 43 121 1
3 120 743 835 376 43 123 1
3 120 744 837 376 43 123 1
3 120 745 839 378 42 123 1
3 120 746 840 378 43 123 1
3 120 747 842 378 43 125 1
3 120 748 844 378 43 125 1
3 120 749 846 380 42 124 1
3 120 750 849 380 43 126 1
3 120 751 851 380 43 126 1
3 120 752 853 382 43 126 1
3 120 753 855 382 42 126 1
3 120 754 856 382 43 128 1
3 120 755 858 382 43 128 1
3 120 756 860 384 43 128 1
3 120 757 862 384 42 128 1
3 120 758 864 384 42 129 1
3 120 759 867 385 43 130 1
4 41 719 3 293 27 64 1
4 41 720 5 291 27 64 1
4 41 721 7 291 26 64 1
4 41 722 10 289 27 64 1
4 41 723 12 289 27 64 1
4 41 724 16 288 26 64 1
4 41 725 17 288 27 64 1
4 41 726 21 286 27 64 1
4 41 727 23 286 26 64 1
4 41 728 26 284 27 64 1
4 41 729 28 284 27 64 1
4 41 730 30 282 26 64 1
4 41 731 33 282 27 64 1
4 41 732 35 280 27 64 1
4 41 733 39 280 26 64 1
4 41 734 40 279 27 64 1
4 41 735 44 279 27 64 1
4 41 736 46 277 26 64 1
4 41 737 49 277 27 64 1
4 41 738 51 275 27 64 1
4 41 739 55 275 26 64 1
4 41 740 56 273 27 64 1
4 41 741 58 273 27 64 1
4 41 742 60 273 27 64 1
4 41 743 62 273 26 64 1
4 41 744 64 273 26 64 1
4 41 745 65 273 27 64 1
4 41 746 67 272 27 64 1
4 41 747 69 272 27 64 1
4 41 748 71 272 26 64 1
4 41 749 72 272 27 64 1
4 41 750 74 272 27 64 1
4 41 751 76 272 27 64 1
4 41 752 78 272 26 64 1
4 41 753 80 270 26 64 1
4 41 754 81 270 27 64 1
4 41 755 83 270 27 64 1
4 41 756 85 270 27 64 1
4 41 757 87 270 26 64 1
4 41 758 88 270 27 64 1
4 41 759 92 270 27 64 1
5 79 681 256 222 19 23 1
5 79 682 254 222 19 23 1
5 79 683 254 222 19 23 1
5 79 684 254 222 19 23 1
5 79 685 254 222 19 23 1
5 79 686 254 222 19 23 1
5 79 687 254 222 19 23 1
5 79 688 254 222 19 23 1
5 79 689 254 224 19 23 1
5 79 690 254 224 19 23 1
5 79 691 254 224 19 23 1
5 79 692 252 224 20 23 1
5 79 693 252 224 20 23 1
5 79 694 252 224 20 23 1
5 79 695 252 224 20 23 1
5 79 696 252 225 20 23 1
5 79 697 252 225 20 23 1
5 79 698 252 225 20 23 1
5 79 699 252 225 20 23 1
5 79 700 252 225 20 23 1
5 79 701 252 225 20 23 1
5 79 702 250 225 20 23 1
5 79 703 250 225 20 23 1
5 79 704 250 227 20 23 1
5 79 705 250 227 20 23 1
5 79 706 250 227 20 23 1
5 79 707 250 227 20 23 1
5 79 708 250 227 20 23 1
5 79 709 250 227 20 23 1
5 79 710 250 227 20 23 1
5 79 711 250 229 20 23 1
5 79 712 248 227 20 23 1
5 79 713 248 227 20 23 1
5 79 714 247 227 19 23 1
5 79 715 247 227 19 23 1
5 79 716 245 227 19 23 1
5 79 717 245 227 19 23 1
5 79 718 243 227 20 23 1
5 79 719 243 227 20 23 1
5 79 720 241 227 20 23 1
5 79 721 241 227 20 23 1
5 79 722 240 227 19 23 1
5 79 723 240 227 19 23 1
5 79 724 238 227 19 23 1
5 79 725 238 227 19 23 1
5 79 726 236 227 20 23 1
5 79 727 236 227 20 23 1
5 79 728 234 227 20 23 1
5 79 729 234 227 20 23 1
5 79 730 232 227 20 23 1
5 79 731 232 227 20 23 1
5 79 732 231 227 19 23 1
5 79 733 231 227 19 23 1
5 79 734 229 227 19 23 1
5 79 735 229 227 19 23 1
5 79 736 227 227 20 23 1
5 79 737 227 227 20 23 1
5 79 738 225 227 20 23 1
5 79 739 225 227 20 23 1
5 79 740 224 227 19 23 1
5 79 741 224 227 19 23 1
5 79 742 222 227 19 23 1
5 79 743 222 227 19 23 1
5 79 744 220 227 20 23 1
5 79 745 220 227 20 23 1
5 79 746 218 227 20 23 1
5 79 747 218 227 20 23 1
5 79 748 216 227 20 23 1
5 79 749 216 227 20 23 1
5 79 750 216 227 20 23 1
5 79 751 215 227 19 23 1
5 79 752 215 227 19 23 1
5 79 753 213 227 19 23 1
5 79 754 213 227 19 23 1
5 79 755 211 227 20 23 1
5 79 756 211 227 20 23 1
5 79 757 209 227 20 23 1
5 79 758 209 227 20 23 1
5 79 759 209 229 20 23 1
6 470 101 540 675 39 41 1
6 470 102 533 672 43 44 1
6 470 103 528 670 46 46 1
6 470 104 520 668 52 48 1
6 470 105 515 666 53 50 1
6 470 106 510 664 57 52 1
6 470 107 503 661 62 55 1
6 470 108 497 659 64 57 1
6 470 109 490 657 70 59 1
6 470 110 485 656 73 60 1
6 470 111 480 654 76 62 1
6 470 112 476 650 76 66 1
6 470 113 472 648 79 68 1
6 470 114 471 647 78 69 1
6 470 115 467 645 80 71 1
6 470 116 464 643 81 73 1
6 470 117 462 641 82 75 1
6 470 118 458 640 82 76 1
6 470 119 455 638 83 78 1
6 470 120 453 636 83 80 1
6 470 121 449 634 86 82 1
6 470 122 446 631 87 85 1
6 470 123 444 629 87 87 1
6 470 124 440 627 89 89 1
6 470 125 437 625 89 91 1
6 470 126 435 624 89 92 1
6 470 127 432 622 90 94 1
6 470 128 428 620 92 96 1
6 470 129 426 618 93 98 1
6 470 130 423 616 94 100 1
6 470 131 421 615 94 103 1
6 470 132 417 611 96 107 1
6 470 133 416 609 97 109 1
6 470 134 414 608 99 110 1
6 470 135 412 604 101 114 1
6 470 136 410 602 103 116 1
6 470 137 407 600 105 118 1
6 470 138 405 597 107 121 1
6 470 139 403 595 109 123 1
6 470 140 401 593 111 125 1
6 470 141 400 592 112 126 1
6 470 142 396 588 114 128 1
6 470 143 394 584 116 132 1
6 470 144 392 583 118 133 1
6 470 145 391 579 119 137 1
6 470 146 389 577 121 139 1
6 470 147 387 574 123 142 1
6 470 148 385 570 125 146 1
6 470 149 384 568 126 148 1
6 470 150 382 565 128 151 1
6 470 151 380 563 130 153 1
6 470 152 376 560 130 156 1
6 470 153 375 558 128 158 1
6 470 154 373 556 126 160 1
6 470 155 371 554 126 162 1
6 470 156 369 551 125 165 1
6 470 157 368 549 122 167 1
6 470 158 366 547 121 169 1
6 470 159 364 545 121 171 1
6 470 160 362 542 119 174 1
6 470 161 360 540 118 176 1
6 470 162 357 538 117 178 1
6 470 163 355 536 117 180 1
6 470 164 353 533 116 183 1
6 470 165 352 531 113 185 1
6 470 166 350 529 112 187 1
6 470 167 348 528 112 188 1
6 470 168 346 524 110 192 1
6 470 169 344 522 109 194 1
6 470 170 343 520 106 196 1
6 470 171 341 519 107 197 1
6 470 172 339 517 107 199 1
6 470 173 337 515 107 201 1
6 470 174 336 515 106 201 1
6 470 175 336 513 104 203 1
6 470 176 334 513 105 203 1
6 470 177 332 512 105 204 1
6 470 178 330 512 105 204 1
6 470 179 330 510 105 206 1
6 470 180 328 510 105 206 1
6 470 181 327 508 105 208 1
6 470 182 325 508 105 208 1
6 470 183 325 506 103 210 1
6 470 184 323 506 103 210 1
6 470 185 321 504 103 212 1
6 470 186 321 504 103 212 1
6 470 187 320 503 103 213 1
6 470 188 318 501 103 215 1
6 470 189 316 501 103 215 1
6 470 190 316 499 101 217 1
6 470 191 314 499 102 217 1
6 470 192 312 497 102 219 1
6 470 193 311 497 101 219 1
6 470 194 311 496 101 220 1
6 470 195 309 496 101 220 1
6 470 196 307 494 101 222 1
6 470 197 305 494 102 222 1
6 470 198 305 492 100 224 1
6 470 199 304 492 99 224 1
6 470 200 302 490 99 226 1
6 470 201 302 490 99 226 1
6 470 202 298 488 102 224 1
6 470 203 296 487 102 224 1
6 470 204 295 487 101 222 1
6 470 205 291 485 103 220 1
6 470 206 289 485 103 219 1
6 470 207 288 483 103 219 1
6 470 208 284 481 105 217 1
6 470 209 282 481 105 215 1
6 470 210 280 480 105 215 1
6 470 211 279 480 105 213 1
6 470 212 277 478 105 211 1
6 470 213 277 476 103 212 1
6 470 214 277 474 101 212 1
6 470 215 277 472 99 212 1
6 470 216 277 471 98 211 1
6 470 217 277 469 96 211 1
6 470 218 277 467 94 212 1
6 470 219 277 465 92 212 1
6 470 220 277 464 91 211 1
6 470 221 277 464 89 209 1
6 470 222 275 462 87 210 1
6 470 223 273 460 87 210 1
6 470 224 272 458 87 210 1
6 470 225 270 458 87 208 1
6 470 226 268 456 87 208 1
6 470 227 266 455 87 208 1
6 470 228 264 455 88 206 1
6 470 229 263 453 87 206 1
6 470 230 261 451 87 206 1
6 470 231 259 451 87 205 1
6 470 232 257 449 86 205 1
6 470 233 256 449 85 203 1
6 470 234 254 448 85 202 1
6 470 235 252 448 85 200 1
6 470 236 250 446 86 201 1
6 470 237 248 446 86 199 1
6 470 238 247 444 85 199 1
6 470 239 245 444 85 197 1
6 470 240 243 442 85 198 1
6 470 241 241 442 86 198 1
6 470 242 240 440 85 198 1
6 470 243 238 439 85 197 1
6 470 244 238 437 83 197 1
6 470 245 236 435 85 197 1
6 470 246 236 435 84 196 1
6 470 247 234 433 84 196 1
6 470 248 232 432 86 195 1
6 470 249 232 430 84 195 1
6 470 250 231 428 83 196 1
6 470 251 231 428 83 194 1
6 470 252 229 426 83 194 1
6 470 253 229 426 82 192 1
6 470 254 227 424 84 192 1
6 470 255 227 424 82 192 1
6 470 256 225 423 84 192 1
6 470 257 225 423 82 190 1
6 470 258 224 421 83 190 1
6 470 259 224 421 81 190 1
6 470 260 222 419 83 190 1
6 470 261 222 419 82 189 1
6 470 262 220 419 82 187 1
6 470 263 220 417 82 189 1
6 470 264 218 417 82 187 1
6 470 265 218 416 82 186 1
6 470 266 216 416 82 184 1
6 470 267 216 414 82 186 1
6 470 268 215 414 81 185 1
6 470 269 215 412 81 185 1
6 470 270 213 412 82 183 1
6 470 271 213 412 82 183 1
6 470 272 211 410 82 183 1
6 470 273 209 410 82 182 1
6 470 274 208 408 81 182 1
6 470 275 208 408 80 180 1
6 470 276 206 407 82 181 1
6 470 277 204 407 82 179 1
6 470 278 204 405 80 179 1
6 470 279 202 405 80 178 1
6 470 280 200 403 80 178 1
6 470 281 200 403 80 178 1
6 470 282 199 401 80 178 1
6 470 283 199 401 80 176 1
6 470 284 199 400 78 176 1
6 470 285 197 400 80 176 1
6 470 286 197 398 78 176 1
6 470 287 197 398 78 174 1
6 470 288 195 398 80 172 1
6 470 289 195 396 78 174 1
6 470 290 195 396 78 172 1
6 470 291 193 394 79 173 1
6 470 292 193 394 79 171 1
6 470 293 193 392 77 173 1
6 470 294 192 392 78 171 1
6 470 295 192 392 78 169 1
6 470 296 192 391 76 169 1
6 470 297 190 391 78 169 1
6 470 298 190 389 76 169 1
6 470 299 190 389 76 167 1
6 470 300 190 389 76 167 1
6 470 301 188 391 76 163 1
6 470 302 188 392 75 162 1
6 470 303 188 394 73 160 1
6 470 304 188 396 71 158 1
6 470 305 188 400 69 154 1
6 470 306 188 401 68 151 1
6 470 307 188 403 66 149 1
6 470 308 188 405 64 147 1
6 470 309 188 407 62 145 1
6 470 310 188 410 60 142 1
6 470 311 186 408 61 143 1
6 470 312 186 407 59 142 1
6 470 313 186 405 59 142 1
6 470 314 186 405 57 140 1
6 470 315 184 403 59 141 1
6 470 316 184 401 57 141 1
6 470 317 184 401 57 139 1
6 470 318 184 400 56 138 1
6 470 319 183 398 55 138 1
6 470 320 183 398 55 137 1
6 470 321 183 396 53 137 1
6 470 322 183 394 53 137 1
6 470 323 181 394 53 135 1
6 470 324 181 392 53 136 1
6 470 325 181 391 51 135 1
6 470 326 181 391 51 133 1
6 470 327 179 389 52 133 1
6 470 328 179 389 52 133 1
6 470 329 179 387 50 133 1
6 470 330 179 387 50 133 1
6 470 331 179 385 48 134 1
6 470 332 179 385 48 134 1
6 470 333 179 384 46 133 1
6 470 334 179 384 46 133 1
6 470 335 179 384 46 133 1
6 470 336 177 382 47 133 1
6 470 337 177 382 47 131 1
6 470 338 177 382 47 131 1
6 470 339 177 380 47 132 1
6 470 340 177 380 47 132 1
6 470 341 176 380 46 130 1
6 470 342 176 378 46 132 1
6 470 343 176 378 46 130 1
6 470 344 176 378 46 128 1
6 470 345 176 376 46 130 1
6 470 346 174 376 46 128 1
6 470 347 174 376 46 128 1
6 470 348 174 375 46 128 1
6 470 349 174 375 46 128 1
6 470 350 174 375 46 126 1
6 470 351 174 375 46 126 1
6 470 352 172 373 46 126 1
6 470 353 170 373 46 124 1
6 470 354 170 371 46 126 1
6 470 355 168 371 47 125 1
6 470 356 167 369 46 125 1
6 470 357 167 369 46 125 1
6 470 358 165 368 46 124 1
6 470 359 163 368 46 122 1
6 470 360 163 368 46 122 1
6 470 361 161 366 47 122 1
6 470 362 161 366 47 122 1
6 470 363 160 366 46 121 1
6 470 364 160 366 46 121 1
6 470 365 160 366 46 119 1
6 470 366 158 364 46 121 1
6 470 367 158 364 46 119 1
6 470 368 158 364 46 119 1
6 470 369 156 364 46 117 1
6 470 370 156 364 46 117 1
6 470 371 156 364 46 117 1
6 470 372 154 362 46 118 1
6 470 373 152 362 47 118 1
6 470 374 152 362 45 118 1
6 470 375 151 360 46 118 1
6 470 376 151 360 44 118 1
6 470 377 149 360 44 118 1
6 470 378 147 359 46 117 1
6 470 379 147 359 45 117 1
6 470 380 145 359 45 117 1
6 470 381 145 357 45 117 1
6 470 382 144 357 44 117 1
6 470 383 144 357 42 117 1
6 470 384 142 355 44 117 1
6 470 385 140 355 44 117 1
6 470 386 140 355 43 117 1
6 470 387 138 353 45 118 1
6 470 388 138 353 43 118 1
6 470 389 136 353 43 118 1
6 470 390 136 353 43 118 1
6 470 391 135 352 42 117 1
6 470 392 133 352 43 117 1
6 470 393 131 352 43 115 1
6 470 394 131 352 43 115 1
6 470 395 129 350 43 115 1
6 470 396 128 350 42 115 1
6 470 397 128 350 42 114 1
6 470 398 126 350 42 114 1
6 470 399 124 348 43 114 1
6 470 400 122 348 43 114 1
6 470 401 122 348 43 112 1
6 470 402 120 348 43 112 1
6 470 403 119 346 42 112 1
6 470 404 119 346 42 112 1
6 470 405 117 346 43 110 1
6 470 406 115 346 43 110 1
6 470 407 115 346 43 110 1
6 470 408 113 344 43 111 1
6 470 409 112 344 42 111 1
6 470 410 110 344 42 111 1
6 470 411 108 343 43 110 1
6 470 412 108 343 43 110 1
6 470 413 106 343 43 110 1
6 470 414 104 341 43 110 1
6 470 415 103 341 42 110 1
6 470 416 103 341 42 110 1
6 470 417 101 341 43 110 1
6 470 418 99 339 43 110 1
6 470 419 97 339 43 110 1
6 470 420 97 339 43 110 1
6 470 421 96 337 42 111 1
6 470 422 94 337 42 111 1
6 470 423 92 337 43 111 1
6 470 424 92 337 43 111 1
6 470 425 90 336 43 110 1
6 470 426 88 336 43 110 1
6 470 427 87 336 42 108 1
6 470 428 85 334 43 110 1
6 470 429 83 334 43 108 1
6 470 430 81 334 43 108 1
6 470 431 80 334 42 106 1
6 470 432 78 332 42 108 1
6 470 433 76 332 43 107 1
6 470 434 74 332 43 107 1
6 470 435 72 332 43 105 1
6 470 436 71 330 42 107 1
6 470 437 69 330 43 105 1
6 470 438 67 330 43 105 1
6 470 439 67 330 43 105 1
6 470 440 65 328 43 105 1
6 470 441 64 328 42 105 1
6 470 442 62 328 42 105 1
6 470 443 60 328 43 105 1
6 470 444 58 328 43 105 1
6 470 445 56 328 43 105 1
6 470 446 55 328 42 105 1
6 470 447 53 327 43 106 1
6 470 448 51 327 43 106 1
6 470 449 49 327 43 106 1
6 470 450 48 327 42 106 1
6 470 451 46 327 42 106 1
6 470 452 44 327 43 106 1
6 470 453 44 327 43 106 1
6 470 454 42 325 43 107 1
6 470 455 40 325 43 107 1
6 470 456 40 325 43 107 1
6 470 457 39 325 42 107 1
6 470 458 39 323 42 107 1
6 470 459 37 323 43 107 1
6 470 460 35 323 43 107 1
6 470 461 35 323 43 107 1
6 470 462 33 321 43 107 1
6 470 463 33 321 43 107 1
6 470 464 32 321 42 107 1
6 470 465 30 321 42 107 1
6 470 466 30 321 42 107 1
6 470 467 28 320 43 106 1
6 470 468 28 320 43 106 1
6 470 469 26 320 43 106 1
6 470 470 24 320 43 106 1
6 470 471 24 318 43 106 1
6 470 472 23 318 42 106 1
6 470 473 23 318 42 106 1
6 470 474 21 318 43 106 1
6 470 475 21 318 43 106 1
6 470 476 19 316 43 107 1
6 470 477 17 316 43 107 1
6 470 478 17 314 43 107 1
6 470 479 16 314 42 107 1
6 470 480 16 312 42 107 1
6 470 481 14 312 42 107 1
6 470 482 14 312 42 107 1
6 470 483 12 311 43 106 1
6 470 484 10 311 43 106 1
6 470 485 10 309 43 107 1
6 470 486 8 309 43 107 1
6 470 487 8 307 43 107 1
6 470 488 7 307 42 107 1
6 470 489 7 307 42 107 1
6 470 490 5 305 43 107 1
6 470 491 3 305 43 107 1
6 470 492 3 304 43 106 1
6 470 493 1 304 43 106 1
6 470 494 1 302 43 106 1
6 470 495 0 302 42 106 1
6 470 496 0 302 42 106 1
6 470 497 0 302 42 106 1
6 470 498 0 302 42 106 1
6 470 499 0 302 42 106 1
6 470 500 0 302 42 106 1
6 470 501 0 302 42 106 1
6 470 502 0 302 42 106 1
6 470 503 0 302 42 106 1
6 470 504 0 302 42 106 1
6 470 505 0 302 42 106 1
6 470 506 0 302 42 106 1
6 470 507 0 302 42 106 1
6 470 508 0 302 42 106 1
6 470 509 0 302 42 106 1
6 470 510 0 302 42 106 1
6 470 511 0 302 42 106 1
6 470 512 0 302 42 106 1
6 470 513 0 302 42 106 1
6 470 514 0 302 42 106 1
6 470 515 0 302 42 106 1
6 470 516 0 302 42 106 1
6 470 517 0 302 42 106 1
6 470 518 0 302 42 106 1
6 470 519 0 302 42 106 1
6 470 520 0 302 42 106 1
6 470 521 0 302 42 106 1
6 470 522 0 302 42 106 1
6 470 523 0 302 42 106 1
6 470 524 0 302 42 106 1
6 470 525 0 302 42 106 1
6 470 526 0 302 42 106 1
6 470 527 0 302 42 106 1
6 470 528 0 302 42 106 1
6 470 529 0 302 42 106 1
6 470 530 0 302 42 106 1
6 470 531 0 302 42 106 1
6 470 532 0 302 42 106 1
6 470 533 0 302 42 106 1
6 470 534 0 302 42 106 1
6 470 535 0 302 42 106 1
6 470 536 0 302 42 106 1
6 470 537 0 302 42 106 1
6 470 538 0 302 42 106 1
6 470 539 0 302 42 106 1
6 470 540 0 302 42 106 1
6 470 541 0 302 42 106 1
6 470 542 0 302 42 106 1
6 470 543 0 302 42 106 1
6 470 544 0 302 42 106 1
6 470 545 0 302 42 106 1
6 470 546 0 302 42 106 1
6 470 547 0 302 42 106 1
6 470 548 0 302 42 106 1
6 470 549 0 302 42 106 1
6 470 550 0 302 42 106 1
6 470 551 0 302 42 106 1
6 470 552 0 302 42 106 1
6 470 553 0 302 42 106 1
6 470 554 0 302 42 106 1
6 470 555 0 302 42 106 1
6 470 556 0 302 42 106 1
6 470 557 0 302 42 106 1
6 470 558 0 302 42 106 1
6 470 559 0 302 42 106 1
6 470 560 0 302 42 106 1
6 470 561 0 302 42 106 1
6 470 562 0 302 42 106 1
6 470 563 0 302 42 106 1
6 470 564 0 302 42 106 1
6 470 565 0 302 42 106 1
6 470 566 0 302 42 106 1
6 470 567 0 302 42 106 1
6 470 568 0 302 42 106 1
6 470 569 0 302 42 106 1
6 470 570 0 302 42 106 1
7 217 300 190 387 76 34 4
7 217 301 188 385 78 36 4
7 217 302 188 385 78 36 4
7 217 303 188 384 78 37 4
7 217 304 186 384 80 37 4
7 217 305 186 384 80 37 4
7 217 306 186 382 80 39 4
7 217 307 184 382 82 39 4
7 217 308 184 380 82 41 4
7 217 309 184 380 82 41 4
7 217 310 184 380 82 41 4
7 217 311 183 378 81 41 4
7 217 312 183 378 81 41 4
7 217 313 183 376 81 41 4
7 217 314 181 376 82 41 4
7 217 315 181 375 82 41 4
7 217 316 181 375 82 41 4
7 217 317 179 373 82 41 4
7 217 318 179 373 82 41 4
7 217 319 179 373 82 41 4
7 217 320 177 371 82 41 4
7 217 321 177 371 82 41 4
7 217 322 177 369 82 41 4
7 217 323 176 369 81 41 4
7 217 324 176 368 81 40 4
7 217 325 176 368 81 40 4
7 217 326 176 368 81 40 4
7 217 327 174 366 82 41 4
7 217 328 174 366 80 39 4
7 217 329 174 366 80 37 4
7 217 330 174 364 78 37 4
7 217 331 174 364 76 36 4
7 217 332 174 364 76 34 4
7 217 333 174 362 74 34 4
7 217 334 174 362 73 32 4
7 217 335 174 362 73 32 4
7 217 336 172 360 73 32 4
7 217 337 172 360 73 32 4
7 217 338 172 360 73 32 4
7 217 339 170 360 73 32 4
7 217 340 170 360 73 32 4
7 217 341 170 360 73 32 4
7 217 342 168 360 73 32 4
7 217 343 168 360 73 32 4
7 217 344 168 359 73 32 4
7 217 345 167 359 73 32 4
7 217 346 167 359 73 32 4
7 217 347 167 359 73 32 4
7 217 348 165 359 73 32 4
7 217 349 165 359 73 32 4
7 217 350 165 359 73 32 4
7 217 351 165 359 73 32 4
7 217 352 163 357 73 32 4
7 217 353 163 355 73 32 4
7 217 354 163 355 73 32 4
7 217 355 163 353 73 32 4
7 217 356 161 353 73 32 4
7 217 357 161 352 73 32 4
7 217 358 161 352 73 32 4
7 217 359 161 350 73 32 4
7 217 360 161 350 73 32 4
7 217 361 160 348 72 32 4
7 217 362 158 348 73 32 4
7 217 363 156 348 73 32 4
7 217 364 156 348 73 32 4
7 217 365 154 348 73 32 4
7 217 366 152 348 73 32 4
7 217 367 151 348 73 32 4
7 217 368 151 348 73 32 4
7 217 369 149 348 73 32 4
7 217 370 147 348 73 32 4
7 217 371 147 348 73 32 4
7 217 372 145 346 73 32 4
7 217 373 144 346 72 32 4
7 217 374 144 346 72 30 4
7 217 375 142 344 73 32 4
7 217 376 140 344 73 31 4
7 217 377 140 344 73 31 4
7 217 378 138 344 73 29 4
7 217 379 136 343 73 30 4
7 217 380 136 343 73 28 4
7 217 381 135 343 73 28 4
7 217 382 135 343 73 26 4
7 217 383 133 341 73 28 4
7 217 384 131 341 73 27 4
7 217 385 131 341 73 27 4
7 217 386 129 341 73 25 4
7 217 387 128 339 72 27 4
7 217 388 128 339 72 25 4
7 217 389 126 339 73 25 4
7 217 390 126 339 73 25 4
7 217 391 124 337 73 25 4
7 217 392 122 337 73 25 4
7 217 393 120 337 73 25 4
7 217 394 119 337 73 25 4
7 217 395 119 336 73 24 4
7 217 396 117 336 73 24 4
7 217 397 115 336 73 24 4
7 217 398 113 336 73 24 4
7 217 399 113 334 73 25 4
7 217 400 112 334 72 25 4
7 217 401 110 334 73 25 4
7 217 402 108 334 73 25 4
7 217 403 108 332 73 25 4
7 217 404 106 332 73 25 4
7 217 405 104 332 73 25 4
7 217 406 103 332 73 25 4
7 217 407 103 332 73 25 4
7 217 408 101 330 73 25 4
7 217 409 99 330 73 25 4
7 217 410 99 330 73 25 4
7 217 411 97 330 73 25 4
7 217 412 96 330 72 25 4
7 217 413 96 330 72 25 4
7 217 414 94 330 73 25 4
7 217 415 92 330 73 25 4
7 217 416 92 328 73 25 4
7 217 417 90 328 73 25 4
7 217 418 88 328 73 25 4
7 217 419 88 328 73 25 4
7 217 420 87 328 73 25 4
7 217 421 85 328 73 25 4
7 217 422 85 328 73 25 4
7 217 423 83 328 73 25 4
7 217 424 83 328 73 25 4
7 217 425 80 327 72 25 4
7 217 426 78 327 73 25 4
7 217 427 76 325 73 25 4
7 217 428 72 325 73 25 4
7 217 429 71 325 73 25 4
7 217 430 69 323 73 25 4
7 217 431 67 323 73 25 4
7 217 432 64 321 72 25 4
7 217 433 62 321 73 25 4
7 217 434 60 321 73 25 4
7 217 435 58 320 73 24 4
7 217 436 55 320 73 24 4
7 217 437 53 318 73 25 4
7 217 438 51 318 73 25 4
7 217 439 49 318 73 25 4
7 217 440 48 318 72 25 4
7 217 441 48 318 72 25 4
7 217 442 46 318 73 25 4
7 217 443 46 318 73 25 4
7 217 444 46 318 73 25 4
7 217 445 44 318 73 25 4
7 217 446 44 318 73 25 4
7 217 447 44 318 73 25 4
7 217 448 42 318 73 25 4
7 217 449 42 318 73 25 4
7 217 450 42 318 73 25 4
7 217 451 40 318 73 25 4
7 217 452 40 318 73 25 4
7 217 453 40 318 73 25 4
7 217 454 39 316 73 25 4
7 217 455 37 316 73 25 4
7 217 456 37 316 73 25 4
7 217 457 35 316 73 25 4
7 217 458 33 314 73 25 4
7 217 459 33 314 73 25 4
7 217 460 32 314 72 25 4
7 217 461 30 314 73 25 4
7 217 462 30 312 73 25 4
7 217 463 28 312 73 25 4
7 217 464 28 312 73 25 4
7 217 465 26 312 73 25 4
7 217 466 24 312 73 25 4
7 217 467 24 311 73 25 4
7 217 468 23 311 73 25 4
7 217 469 21 311 73 25 4
7 217 470 21 311 73 25 4
7 217 471 19 309 73 25 4
7 217 472 17 309 73 25 4
7 217 473 17 309 73 25 4
7 217 474 16 309 72 25 4
7 217 475 16 309 72 25 4
7 217 476 14 307 73 25 4
7 217 477 14 307 71 25 4
7 217 478 14 307 69 25 4
7 217 479 14 305 67 25 4
7 217 480 12 305 68 25 4
7 217 481 12 305 66 25 4
7 217 482 12 305 64 25 4
7 217 483 12 304 62 24 4
7 217 484 10 304 62 24 4
7 217 485 10 304 61 24 4
7 217 486 10 302 59 25 4
7 217 487 10 302 57 25 4
7 217 488 8 302 57 25 4
7 217 489 8 302 56 25 4
7 217 490 8 300 54 25 4
7 217 491 8 300 52 25 4
7 217 492 7 300 51 25 4
7 217 493 7 298 49 25 4
7 217 494 7 298 48 25 4
7 217 495 7 298 46 25 4
7 217 496 7 298 44 25 4
7 217 497 7 298 44 25 4
7 217 498 7 298 44 25 4
7 217 499 7 298 44 25 4
7 217 500 7 298 44 25 4
7 217 501 7 298 44 25 4
7 217 502 7 298 44 25 4
7 217 503 7 298 44 25 4
7 217 504 7 298 44 25 4
7 217 505 7 298 44 25 4
7 217 506 7 298 44 25 4
7 217 507 7 298 44 25 4
7 217 508 7 298 44 25 4
7 217 509 7 298 44 25 4
7 217 510 7 298 44 25 4
7 217 511 7 298 44 25 4
7 217 512 7 298 44 25 4
7 217 513 7 298 44 25 4
7 217 514 7 298 44 25 4
7 217 515 7 298 44 25 4
7 217 516 7 298 44 25 4
8 622 0 275 231 75 49 2
8 622 1 275 231 75 49 2
8 622 2 275 231 75 49 2
8 622 3 275 231 75 49 2
8 622 4 275 231 75 49 2
8 622 5 275 231 75 49 2
8 622 6 275 231 75 49 2
8 622 7 275 231 75 49 2
8 622 8 275 231 75 49 2
8 622 9 275 231 75 49 2
8 622 10 275 231 75 49 2
8 622 11 275 231 75 49 2
8 622 12 275 231 75 49 2
8 622 13 275 231 75 49 2
8 622 14 275 231 75 49 2
8 622 15 275 231 75 49 2
8 622 16 275 231 75 49 2
8 622 17 275 231 75 49 2
8 622 18 275 231 75 49 2
8 622 19 275 231 75 49 2
8 622 20 275 231 75 49 2
8 622 21 275 231 75 49 2
8 622 22 275 231 75 49 2
8 622 23 275 231 75 49 2
8 622 24 275 231 75 49 2
8 622 25 275 231 75 49 2
8 622 26 275 231 75 49 2
8 622 27 275 231 75 49 2
8 622 28 275 231 75 49 2
8 622 29 275 231 75 49 2
8 622 30 275 231 75 49 2
8 622 31 275 231 75 49 2
8 622 32 275 231 75 49 2
8 622 33 275 231 75 49 2
8 622 34 275 231 75 49 2
8 622 35 275 231 75 49 2
8 622 36 275 231 75 49 2
8 622 37 275 231 75 49 2
8 622 38 275 231 75 49 2
8 622 39 275 231 75 49 2
8 622 40 275 231 75 49 2
8 622 41 275 231 75 49 2
8 622 42 275 231 75 49 2
8 622 43 275 231 75 49 2
8 622 44 275 231 75 49 2
8 622 45 275 231 75 49 2
8 622 46 275 231 75 49 2
8 622 47 275 231 75 49 2
8 622 48 275 231 75 49 2
8 622 49 275 231 75 49 2
8 622 50 275 231 75 49 2
8 622 51 275 231 75 49 2
8 622 52 275 231 75 49 2
8 622 53 275 231 75 49 2
8 622 54 275 231 75 49 2
8 622 55 275 231 75 49 2
8 622 56 275 231 75 49 2
8 622 57 275 231 75 49 2
8 622 58 275 231 75 49 2
8 622 59 275 231 75 49 2
8 622 60 275 231 75 49 2
8 622 61 275 231 75 49 2
8 622 62 275 231 75 49 2
8 622 63 275 231 75 49 2
8 622 64 275 231 75 49 2
8 622 65 275 231 75 49 2
8 622 66 275 231 75 49 2
8 622 67 275 231 75 49 2
8 622 68 275 231 75 49 2
8 622 69 275 231 75 49 2
8 622 70 275 231 75 49 2
8 622 71 275 231 75 49 2
8 622 72 275 231 75 49 2
8 622 73 275 231 75 49 2
8 622 74 275 231 75 49 2
8 622 75 275 231 75 49 2
8 622 76 275 231 75 49 2
8 622 77 275 231 75 49 2
8 622 78 275 231 75 49 2
8 622 79 275 231 75 49 2
8 622 80 275 231 75 49 2
8 622 81 275 231 75 49 2
8 622 82 275 231 75 49 2
8 622 83 275 231 75 49 2
8 622 84 275 231 75 49 2
8 622 85 275 231 75 49 2
8 622 86 275 231 75 49 2
8 622 87 275 231 75 49 2
8 622 88 275 231 75 49 2
8 622 89 275 231 75 49 2
8 622 90 275 231 75 49 2
8 622 91 275 231 75 49 2
8 622 92 275 231 75 49 2
8 622 93 275 231 75 49 2
8 622 94 275 231 75 49 2
8 622 95 275 231 75 49 2
8 622 96 275 231 75 49 2
8 622 97 275 231 75 49 2
8 622 98 275 231 75 49 2
8 622 99 275 231 75 49 2
8 622 100 275 231 75 49 2
8 622 101 275 231 75 49 2
8 622 102 275 231 75 49 2
8 622 103 275 231 75 49 2
8 622 104 275 231 75 49 2
8 622 105 275 231 75 49 2
8 622 106 275 231 75 49 2
8 622 107 275 231 75 49 2
8 622 108 275 231 75 49 2
8 622 109 275 231 75 49 2
8 622 110 275 231 75 49 2
8 622 111 275 231 75 49 2
8 622 112 275 231 75 49 2
8 622 113 275 231 75 49 2
8 622 114 275 231 75 49 2
8 622 115 275 231 75 49 2
8 622 116 275 231 75 49 2
8 622 117 275 231 75 49 2
8 622 118 275 231 75 49 2
8 622 119 275 231 75 49 2
8 622 120 275 231 75 49 2
8 622 121 275 231 75 49 2
8 622 122 275 231 75 49 2
8 622 123 275 231 75 49 2
8 622 124 275 231 75 49 2
8 622 125 275 231 75 49 2
8 622 126 275 231 75 49 2
8 622 127 275 231 75 49 2
8 622 128 275 231 75 49 2
8 622 129 275 231 75 49 2
8 622 130 275 231 75 49 2
8 622 131 275 231 75 49 2
8 622 132 275 231 75 49 2
8 622 133 275 231 75 49 2
8 622 134 275 231 75 49 2
8 622 135 275 231 75 49 2
8 622 136 275 231 75 49 2
8 622 137 275 231 75 49 2
8 622 138 275 231 75 49 2
8 622 139 275 231 75 49 2
8 622 140 275 231 75 49 2
8 622 141 275 231 75 49 2
8 622 142 275 231 75 49 2
8 622 143 275 231 75 49 2
8 622 144 275 231 75 49 2
8 622 145 275 231 75 49 2
8 622 146 275 231 75 49 2
8 622 147 275 231 75 49 2
8 622 148 275 231 75 49 2
8 622 149 275 231 75 49 2
8 622 150 275 231 75 49 2
8 622 151 275 231 75 49 2
8 622 152 275 231 75 49 2
8 622 153 275 231 75 49 2
8 622 154 275 231 75 49 2
8 622 155 275 231 75 49 2
8 622 156 275 231 75 49 2
8 622 157 275 231 75 49 2
8 622 158 275 231 75 49 2
8 622 159 275 231 75 49 2
8 622 160 275 231 75 49 2
8 622 161 275 231 75 49 2
8 622 162 275 231 75 49 2
8 622 163 275 231 75 49 2
8 622 164 275 231 75 49 2
8 622 165 275 231 75 49 2
8 622 166 275 231 75 49 2
8 622 167 275 231 75 49 2
8 622 168 275 231 75 49 2
8 622 169 275 231 75 49 2
8 622 170 275 231 75 49 2
8 622 171 275 231 75 49 2
8 622 172 275 231 75 49 2
8 622 173 275 231 75 49 2
8 622 174 275 231 75 49 2
8 622 175 275 231 75 49 2
8 622 176 275 231 75 49 2
8 622 177 275 231 75 49 2
8 622 178 275 231 75 49 2
8 622 179 275 231 75 49 2
8 622 180 275 231 75 49 2
8 622 181 275 231 75 49 2
8 622 182 275 231 75 49 2
8 622 183 275 231 75 49 2
8 622 184 275 231 75 49 2
8 622 185 275 231 75 49 2
8 622 186 275 231 75 49 2
8 622 187 275 231 75 49 2
8 622 188 275 231 75 49 2
8 622 189 275 231 75 49 2
8 622 190 275 231 75 49 2
8 622 191 275 231 75 49 2
8 622 192 275 231 75 49 2
8 622 193 275 231 75 49 2
8 622 194 275 231 75 49 2
8 622 195 275 231 75 49 2
8 622 196 275 231 75 49 2
8 622 197 275 231 75 49 2
8 622 198 275 231 75 49 2
8 622 199 275 231 75 49 2
8 622 200 275 231 75 49 2
8 622 201 275 231 75 49 2
8 622 202 275 231 75 49 2
8 622 203 275 231 75 49 2
8 622 204 275 231 75 49 2
8 622 205 275 231 75 49 2
8 622 206 275 231 75 49 2
8 622 207 275 231 75 49 2
8 622 208 275 231 75 49 2
8 622 209 275 231 75 49 2
8 622 210 275 231 75 49 2
8 622 211 275 231 75 49 2
8 622 212 275 231 75 49 2
8 622 213 275 231 75 49 2
8 622 214 275 231 75 49 2
8 622 215 275 231 75 49 2
8 622 216 275 231 75 49 2
8 622 217 275 231 75 49 2
8 622 218 275 231 75 49 2
8 622 219 275 231 75 49 2
8 622 220 275 231 75 49 2
8 622 221 275 231 75 49 2
8 622 222 275 231 75 49 2
8 622 223 275 231 75 49 2
8 622 224 275 231 75 49 2
8 622 225 275 231 75 49 2
8 622 226 275 231 75 49 2
8 622 227 275 231 75 49 2
8 622 228 275 231 75 49 2
8 622 229 275 231 75 49 2
8 622 230 275 231 75 49 2
8 622 231 275 231 75 49 2
8 622 232 275 231 75 49 2
8 622 233 275 231 75 49 2
8 622 234 275 231 75 49 2
8 622 235 275 231 75 49 2
8 622 236 275 231 75 49 2
8 622 237 275 231 75 49 2
8 622 238 275 231 75 49 2
8 622 239 275 231 75 49 2
8 622 240 275 231 75 49 2
8 622 241 275 231 75 49 2
8 622 242 275 231 75 49 2
8 622 243 275 231 75 49 2
8 622 244 275 231 75 49 2
8 622 245 275 231 75 49 2
8 622 246 275 231 75 49 2
8 622 247 275 231 75 49 2
8 622 248 275 231 75 49 2
8 622 249 275 231 75 49 2
8 622 250 275 231 75 49 2
8 622 251 275 231 75 49 2
8 622 252 275 231 75 49 2
8 622 253 275 231 75 49 2
8 622 254 275 231 75 49 2
8 622 255 275 231 75 49 2
8 622 256 275 231 75 49 2
8 622 257 275 231 75 49 2
8 622 258 275 231 75 49 2
8 622 259 275 231 75 49 2
8 622 260 275 231 75 49 2
8 622 261 275 231 75 49 2
8 622 262 275 231 75 49 2
8 622 263 275 231 75 49 2
8 622 264 275 231 75 49 2
8 622 265 275 231 75 49 2
8 622 266 275 231 75 49 2
8 622 267 275 231 75 49 2
8 622 268 275 231 75 49 2
8 622 269 275 231 75 49 2
8 622 270 275 231 75 49 2
8 622 271 275 231 75 49 2
8 622 272 275 231 75 49 2
8 622 273 275 231 75 49 2
8 622 274 275 231 75 49 2
8 622 275 275 231 75 49 2
8 622 276 275 231 75 49 2
8 622 277 275 231 75 49 2
8 622 278 275 231 75 49 2
8 622 279 275 231 75 49 2
8 622 280 275 231 75 49 2
8 622 281 275 231 75 49 2
8 622 282 275 231 75 49 2
8 622 283 275 231 75 49 2
8 622 284 275 231 75 49 2
8 622 285 275 231 75 49 2
8 622 286 275 231 75 49 2
8 622 287 275 231 75 49 2
8 622 288 275 231 75 49 2
8 622 289 275 231 75 49 2
8 622 290 275 231 75 49 2
8 622 291 275 231 75 49 2
8 622 292 275 231 75 49 2
8 622 293 275 231 75 49 2
8 622 294 275 231 75 49 2
8 622 295 275 231 75 49 2
8 622 296 275 231 75 49 2
8 622 297 275 231 75 49 2
8 622 298 275 231 75 49 2
8 622 299 275 231 75 49 2
8 622 300 275 231 75 49 2
8 622 301 275 229 75 51 2
8 622 302 275 229 75 51 2
8 622 303 275 229 75 51 2
8 622 304 275 229 75 51 2
8 622 305 275 229 75 51 2
8 622 306 275 229 75 51 2
8 622 307 275 229 75 51 2
8 622 308 275 229 75 51 2
8 622 309 275 229 75 51 2
8 622 310 275 229 75 51 2
8 622 311 275 229 75 51 2
8 622 312 275 229 75 51 2
8 622 313 275 229 75 51 2
8 622 314 275 229 75 51 2
8 622 315 275 229 75 51 2
8 622 316 275 229 75 51 2
8 622 317 275 229 75 51 2
8 622 318 275 229 75 51 2
8 622 319 275 229 75 51 2
8 622 320 275 229 75 51 2
8 622 321 275 229 75 51 2
8 622 322 275 229 75 51 2
8 622 323 275 229 75 51 2
8 622 324 275 229 75 51 2
8 622 325 275 229 75 51 2
8 622 326 275 229 75 51 2
8 622 327 275 229 75 51 2
8 622 328 275 229 75 51 2
8 622 329 275 229 75 51 2
8 622 330 275 229 75 51 2
8 622 331 275 229 75 51 2
8 622 332 275 229 75 51 2
8 622 333 275 229 75 51 2
8 622 334 275 229 75 51 2
8 622 335 275 229 75 51 2
8 622 336 275 229 75 51 2
8 622 337 275 229 75 51 2
8 622 338 275 229 75 51 2
8 622 339 275 229 75 51 2
8 622 340 275 229 75 51 2
8 622 341 275 229 75 51 2
8 622 342 275 229 75 51 2
8 622 343 275 229 75 51 2
8 622 344 275 229 75 51 2
8 622 345 275 229 75 51 2
8 622 346 275 229 75 51 2
8 622 347 275 229 75 51 2
8 622 348 275 229 75 51 2
8 622 349 275 229 75 51 2
8 622 350 275 229 75 51 2
8 622 351 275 229 75 51 2
8 622 352 275 229 75 51 2
8 622 353 275 229 75 51 2
8 622 354 275 229 75 51 2
8 622 355 275 229 75 51 2
8 622 356 275 229 75 51 2
8 622 357 275 229 75 51 2
8 622 358 275 229 75 51 2
8 622 359 275 229 75 51 2
8 622 360 275 229 75 51 2
8 622 361 275 229 75 51 2
8 622 362 275 229 75 51 2
8 622 363 275 229 75 51 2
8 622 364 275 229 75 51 2
8 622 365 275 229 75 51 2
8 622 366 275 229 77 51 2
8 622 367 275 229 77 51 2
8 622 368 275 229 77 51 2
8 622 369 275 229 77 51 2
8 622 370 275 229 77 51 2
8 622 371 275 229 77 51 2
8 622 372 275 229 77 51 2
8 622 373 275 229 77 51 2
8 622 374 275 229 77 51 2
8 622 375 275 229 77 51 2
8 622 376 275 229 77 51 2
8 622 377 275 229 77 51 2
8 622 378 275 229 77 51 2
8 622 379 275 229 77 51 2
8 622 380 275 229 77 51 2
8 622 381 275 229 77 51 2
8 622 382 275 229 77 51 2
8 622 383 275 229 77 51 2
8 622 384 275 229 77 51 2
8 622 385 275 229 77 51 2
8 622 386 275 229 77 51 2
8 622 387 275 229 77 51 2
8 622 388 275 229 77 51 2
8 622 389 275 229 77 51 2
8 622 390 275 229 77 51 2
8 622 391 275 229 77 51 2
8 622 392 275 229 77 51 2
8 622 393 275 229 77 51 2
8 622 394 275 229 77 51 2
8 622 395 275 229 77 51 2
8 622 396 275 229 77 51 2
8 622 397 275 229 77 51 2
8 622 398 275 229 77 51 2
8 622 399 275 229 77 51 2
8 622 400 275 229 77 51 2
8 622 401 275 229 77 51 2
8 622 402 275 229 77 51 2
8 622 403 275 229 77 51 2
8 622 404 275 229 77 51 2
8 622 405 275 229 77 51 2
8 622 406 275 229 77 51 2
8 622 407 275 229 77 51 2
8 622 408 275 229 77 51 2
8 622 409 275 229 77 51 2
8 622 410 275 229 77 51 2
8 622 411 275 229 77 51 2
8 622 412 275 229 77 51 2
8 622 413 275 229 77 51 2
8 622 414 275 229 77 51 2
8 622 415 275 229 77 51 2
8 622 416 275 229 77 51 2
8 622 417 275 229 77 51 2
8 622 418 275 229 77 51 2
8 622 419 275 229 77 51 2
8 622 420 275 229 77 51 2
8 622 421 275 229 77 51 2
8 622 422 275 229 77 51 2
8 622 423 275 229 77 51 2
8 622 424 275 229 77 51 2
8 622 425 275 229 77 51 2
8 622 426 275 229 77 51 2
8 622 427 275 229 77 51 2
8 622 428 275 229 77 51 2
8 622 429 275 229 77 51 2
8 622 430 275 229 77 51 2
8 622 431 275 229 78 51 2
8 622 432 275 229 78 51 2
8 622 433 275 229 78 51 2
8 622 434 275 229 78 51 2
8 622 435 275 229 78 51 2
8 622 436 275 229 78 51 2
8 622 437 275 229 78 51 2
8 622 438 275 229 78 51 2
8 622 439 275 229 78 51 2
8 622 440 275 229 78 51 2
8 622 441 275 229 78 51 2
8 622 442 275 229 78 51 2
8 622 443 275 229 78 51 2
8 622 444 275 229 78 51 2
8 622 445 275 229 78 51 2
8 622 446 275 229 78 51 2
8 622 447 275 229 78 51 2
8 622 448 275 229 78 51 2
8 622 449 275 229 78 51 2
8 622 450 275 229 78 51 2
8 622 451 275 229 78 51 2
8 622 452 275 229 78 51 2
8 622 453 275 229 78 51 2
8 622 454 275 229 78 51 2
8 622 455 275 229 78 51 2
8 622 456 275 229 78 51 2
8 622 457 275 229 78 51 2
8 622 458 275 229 78 51 2
8 622 459 275 229 78 51 2
8 622 460 275 229 78 51 2
8 622 461 275 229 78 51 2
8 622 462 275 229 78 51 2
8 622 463 275 229 78 51 2
8 622 464 275 229 78 51 2
8 622 465 275 229 78 51 2
8 622 466 275 229 78 51 2
8 622 467 275 229 78 51 2
8 622 468 275 229 78 51 2
8 622 469 275 229 78 51 2
8 622 470 275 229 78 51 2
8 622 471 275 229 78 51 2
8 622 472 275 229 78 51 2
8 622 473 275 229 78 51 2
8 622 474 275 229 78 51 2
8 622 475 275 229 78 51 2
8 622 476 275 229 78 51 2
8 622 477 275 229 78 51 2
8 622 478 275 229 78 51 2
8 622 479 275 229 78 51 2
8 622 480 275 229 78 51 2
8 622 481 275 229 78 51 2
8 622 482 275 229 78 51 2
8 622 483 275 229 78 51 2
8 622 484 275 229 78 51 2
8 622 485 275 229 78 51 2
8 622 486 275 229 78 51 2
8 622 487 275 229 78 51 2
8 622 488 275 229 78 51 2
8 622 489 275 229 78 51 2
8 622 490 275 229 78 51 2
8 622 491 275 229 78 51 2
8 622 492 275 229 78 51 2
8 622 493 275 229 78 51 2
8 622 494 275 229 78 51 2
8 622 495 275 229 78 51 2
8 622 496 277 229 78 51 2
8 622 497 277 229 78 51 2
8 622 498 277 229 78 51 2
8 622 499 277 229 78 51 2
8 622 500 277 229 78 51 2
8 622 501 277 229 78 51 2
8 622 502 277 229 78 51 2
8 622 503 277 229 78 51 2
8 622 504 277 229 78 51 2
8 622 505 277 229 78 51 2
8 622 506 277 229 78 51 2
8 622 507 277 229 78 51 2
8 622 508 277 229 78 51 2
8 622 509 277 229 78 51 2
8 622 510 277 229 78 51 2
8 622 511 277 229 78 51 2
8 622 512 277 229 78 51 2
8 622 513 277 229 78 51 2
8 622 514 277 229 78 51 2
8 622 515 277 229 78 51 2
8 622 516 277 229 78 51 2
8 622 517 277 229 78 51 2
8 622 518 277 229 78 51 2
8 622 519 277 229 78 51 2
8 622 520 277 229 78 51 2
8 622 521 277 229 78 51 2
8 622 522 277 229 78 51 2
8 622 523 277 229 78 51 2
8 622 524 277 229 78 51 2
8 622 525 277 229 78 51 2
8 622 526 277 229 78 51 2
8 622 527 277 229 78 51 2
8 622 528 277 229 78 51 2
8 622 529 277 229 78 51 2
8 622 530 277 229 78 51 2
8 622 531 277 229 78 51 2
8 622 532 277 229 78 51 2
8 622 533 277 229 78 51 2
8 622 534 277 229 78 51 2
8 622 535 277 229 78 51 2
8 622 536 277 229 78 51 2
8 622 537 277 229 78 51 2
8 622 538 277 229 78 51 2
8 622 539 277 229 78 51 2
8 622 540 277 229 78 51 2
8 622 541 277 229 78 51 2
8 622 542 277 229 78 51 2
8 622 543 277 229 78 51 2
8 622 544 277 229 78 51 2
8 622 545 277 229 78 51 2
8 622 546 277 229 78 51 2
8 622 547 277 229 78 51 2
8 622 548 277 229 78 51 2
8 622 549 277 229 78 51 2
8 622 550 277 229 78 51 2
8 622 551 277 229 78 51 2
8 622 552 277 229 78 51 2
8 622 553 277 229 78 51 2
8 622 554 277 229 78 51 2
8 622 555 277 229 78 51 2
8 622 556 277 229 78 51 2
8 622 557 277 229 78 51 2
8 622 558 277 229 78 51 2
8 622 559 277 229 78 51 2
8 622 560 277 229 78 51 2
8 622 561 277 229 78 51 2
8 622 562 277 229 78 51 2
8 622 563 277 229 78 51 2
8 622 564 277 229 78 51 2
8 622 565 277 229 78 51 2
8 622 566 277 229 78 51 2
8 622 567 277 229 78 51 2
8 622 568 277 229 78 51 2
8 622 569 277 229 78 51 2
8 622 570 277 229 78 51 2
8 622 571 277 229 78 51 2
8 622 572 277 229 78 51 2
8 622 573 277 229 78 51 2
8 622 574 277 229 78 51 2
8 622 575 277 229 78 51 2
8 622 576 277 229 78 51 2
8 622 577 277 229 78 51 2
8 622 578 277 229 78 51 2
8 622 579 277 229 78 51 2
8 622 580 277 229 78 51 2
8 622 581 277 229 78 51 2
8 622 582 277 229 78 51 2
8 622 583 277 229 78 51 2
8 622 584 277 229 78 51 2
8 622 585 277 229 78 51 2
8 622 586 277 229 78 51 2
8 622 587 277 229 78 51 2
8 622 588 277 229 78 51 2
8 622 589 277 229 78 51 2
8 622 590 277 229 78 51 2
8 622 591 277 229 78 51 2
8 622 592 277 229 78 51 2
8 622 593 277 229 78 51 2
8 622 594 277 229 78 51 2
8 622 595 277 229 78 51 2
8 622 596 277 229 78 51 2
8 622 597 277 229 78 51 2
8 622 598 277 229 78 51 2
8 622 599 277 229 78 51 2
8 622 600 277 229 78 51 2
8 622 601 277 229 78 51 2
8 622 602 277 229 78 51 2
8 622 603 277 229 78 51 2
8 622 604 277 229 78 51 2
8 622 605 277 229 78 51 2
8 622 606 277 229 78 51 2
8 622 607 277 229 78 51 2
8 622 608 277 229 78 51 2
8 622 609 277 229 78 51 2
8 622 610 277 229 78 51 2
8 622 611 277 229 78 51 2
8 622 612 277 229 78 51 2
8 622 613 277 229 78 51 2
8 622 614 277 229 78 51 2
8 622 615 277 229 78 51 2
8 622 616 277 229 78 51 2
8 622 617 277 229 78 51 2
8 622 618 277 229 78 51 2
8 622 619 277 229 78 51 2
8 622 620 277 229 78 51 2
8 622 621 277 229 78 51 2
