2 9 152 143 294 143 138 264 72 105 
2 9 152 143 294 144 140 264 70 105 
2 9 152 143 294 145 142 264 70 105 
2 9 152 143 294 146 143 264 72 105 
2 9 152 143 294 147 148 264 68 105 
2 9 152 143 294 148 150 264 66 105 
2 9 152 143 294 149 151 264 68 105 
2 9 152 143 294 150 153 264 68 105 
2 9 152 143 294 151 154 264 72 105 
2 9 152 143 294 152 156 264 70 105 
2 9 152 143 294 153 158 264 70 105 
2 9 152 143 294 154 162 264 68 105 
2 9 152 143 294 155 164 264 68 105 
2 9 152 143 294 156 166 264 66 105 
2 9 152 143 294 157 167 264 68 105 
2 9 152 143 294 158 168 262 72 105 
2 9 152 143 294 159 170 262 72 105 
2 9 152 143 294 160 175 262 66 105 
2 9 152 143 294 161 176 262 68 105 
2 9 152 143 294 162 178 262 68 105 
2 9 152 143 294 163 180 262 68 105 
2 9 152 143 294 164 182 262 66 105 
2 9 152 143 294 165 183 262 68 105 
2 9 152 143 294 166 184 262 72 105 
2 9 152 143 294 167 189 262 68 105 
2 9 152 143 294 168 191 262 66 105 
2 9 152 143 294 169 192 262 68 105 
2 9 152 143 294 170 194 262 68 105 
2 9 152 143 294 171 196 262 68 105 
2 9 152 143 294 172 198 262 66 105 
2 9 152 143 294 173 198 262 72 105 
2 9 152 143 294 174 203 262 68 105 
2 9 152 143 294 175 205 262 68 105 
2 9 152 143 294 176 207 262 66 105 
2 9 152 143 294 177 208 262 68 105 
2 9 152 143 294 178 210 262 68 105 
2 9 152 143 294 179 212 262 68 105 
2 9 152 143 294 180 213 262 70 105 
2 9 152 143 294 181 217 262 68 105 
2 9 152 143 294 182 219 262 68 105 
2 9 152 143 294 183 221 262 68 105 
2 9 152 143 294 184 223 262 66 105 
2 9 152 143 294 185 224 262 68 105 
2 9 152 143 294 186 226 262 68 105 
2 9 152 143 294 187 228 262 68 105 
2 9 152 143 294 188 231 262 68 105 
2 9 152 143 294 189 233 262 68 105 
2 9 152 143 294 190 235 262 68 105 
2 9 152 143 294 191 237 262 68 105 
2 9 152 143 294 192 239 261 66 103 
2 9 152 143 294 193 240 261 68 103 
2 9 152 143 294 194 242 261 68 103 
2 9 152 143 294 195 246 261 66 103 
2 9 152 143 294 196 247 261 68 103 
2 9 152 143 294 197 249 261 68 103 
2 9 152 143 294 198 251 261 68 103 
2 9 152 143 294 199 253 261 68 103 
2 9 152 143 294 200 255 261 66 103 
2 9 152 143 294 201 256 261 68 103 
2 9 152 143 294 202 261 261 64 103 
2 9 152 143 294 203 262 261 66 103 
2 9 152 143 294 204 263 261 68 103 
2 9 152 143 294 205 265 261 68 103 
2 9 152 143 294 206 267 261 68 103 
2 9 152 143 294 207 269 261 68 103 
2 9 152 143 294 208 271 261 66 103 
2 9 152 143 294 209 275 261 64 103 
2 9 152 143 294 210 276 261 68 103 
2 9 152 143 294 211 278 261 66 103 
2 9 152 143 294 212 279 261 68 103 
2 9 152 143 294 213 281 261 68 103 
2 9 152 143 294 214 283 261 68 103 
2 9 152 143 294 215 285 261 68 103 
2 9 152 143 294 216 289 261 64 103 
2 9 152 143 294 217 290 261 68 103 
2 9 152 143 294 218 292 261 68 103 
2 9 152 143 294 219 294 261 66 103 
2 9 152 143 294 220 295 261 68 103 
2 9 152 143 294 221 297 261 68 103 
2 9 152 143 294 222 299 261 68 103 
2 9 152 143 294 223 304 261 64 103 
2 9 152 143 294 224 305 261 64 103 
2 9 152 143 294 225 306 259 68 103 
2 9 152 143 294 226 308 259 68 103 
2 9 152 143 294 227 310 259 66 103 
2 9 152 143 294 228 311 259 68 103 
2 9 152 143 294 229 316 259 64 103 
2 9 152 143 294 230 318 259 64 103 
2 9 152 143 294 231 320 259 64 103 
2 9 152 143 294 232 320 259 68 103 
2 9 152 143 294 233 322 259 68 103 
2 9 152 143 294 234 324 259 68 103 
2 9 152 143 294 235 326 259 66 103 
2 9 152 143 294 236 330 259 64 103 
2 9 152 143 294 237 332 259 64 103 
2 9 152 143 294 238 334 259 64 103 
2 9 152 143 294 239 336 259 64 103 
2 9 152 143 294 240 336 259 68 103 
2 9 152 143 294 241 338 259 68 103 
2 9 152 143 294 242 340 259 68 103 
2 9 152 143 294 243 344 259 64 103 
2 9 152 143 294 244 346 259 64 103 
2 9 152 143 294 245 348 259 64 103 
2 9 152 143 294 246 350 259 64 103 
2 9 152 143 294 247 351 259 66 103 
2 9 152 143 294 248 352 259 68 103 
2 9 152 143 294 249 354 259 68 103 
2 9 152 143 294 250 359 259 64 103 
2 9 152 143 294 251 360 259 64 103 
2 9 152 143 294 252 362 259 64 103 
2 9 152 143 294 253 364 259 64 103 
2 9 152 143 294 254 365 259 68 103 
2 9 152 143 294 255 367 259 66 103 
2 9 152 143 294 256 368 259 68 103 
2 9 152 143 294 257 373 259 64 103 
2 9 152 143 294 258 375 257 64 103 
2 9 152 143 294 259 376 257 64 103 
2 9 152 143 294 260 378 257 64 103 
2 9 152 143 294 261 380 257 64 103 
2 9 152 143 294 262 381 257 68 103 
2 9 152 143 294 263 383 257 66 103 
2 9 152 143 294 264 387 257 64 103 
2 9 152 143 294 265 389 257 64 103 
2 9 152 143 294 266 391 257 64 103 
2 9 152 143 294 267 392 257 64 103 
2 9 152 143 294 268 394 257 64 103 
2 9 152 143 294 269 395 257 68 103 
2 9 152 143 294 270 397 257 68 103 
2 9 152 143 294 271 401 257 64 103 
2 9 152 143 294 272 403 257 64 103 
2 9 152 143 294 273 405 257 64 103 
2 9 152 143 294 274 407 257 64 103 
2 9 152 143 294 275 408 257 64 103 
2 9 152 143 294 276 410 257 64 103 
2 9 152 143 294 277 411 257 68 103 
2 9 152 143 294 278 416 257 64 103 
2 9 152 143 294 279 417 257 64 103 
2 9 152 143 294 280 419 257 64 103 
2 9 152 143 294 281 421 257 64 103 
2 9 152 143 294 282 423 257 64 103 
2 9 152 143 294 283 424 257 64 103 
2 9 152 143 294 284 425 257 68 103 
2 9 152 143 294 285 430 257 64 103 
2 9 152 143 294 286 432 257 64 103 
2 9 152 143 294 287 433 257 64 103 
2 9 152 143 294 288 435 257 64 103 
2 9 152 143 294 289 437 257 64 103 
2 9 152 143 294 290 439 257 64 103 
2 9 152 143 294 291 442 257 64 103 
2 9 152 143 294 292 442 257 64 103 
2 9 152 143 294 293 445 257 60 103 
2 9 152 143 294 294 447 257 60 103 
4 9 562 0 561 0 376 277 78 126 
4 9 562 0 561 1 376 277 78 126 
4 9 562 0 561 2 376 277 78 126 
4 9 562 0 561 3 376 277 78 126 
4 9 562 0 561 4 378 277 78 126 
4 9 562 0 561 5 378 276 78 129 
4 9 562 0 561 6 378 276 78 129 
4 9 562 0 561 7 377 276 82 129 
4 9 562 0 561 8 380 279 78 126 
4 9 562 0 561 9 380 278 78 127 
4 9 562 0 561 10 380 278 78 127 
4 9 562 0 561 11 380 278 80 127 
4 9 562 0 561 12 381 278 78 127 
4 9 562 0 561 13 381 278 78 127 
4 9 562 0 561 14 380 278 82 130 
4 9 562 0 561 15 380 280 82 127 
4 9 562 0 561 16 383 280 78 127 
4 9 562 0 561 17 382 280 82 127 
4 9 562 0 561 18 382 280 82 130 
4 9 562 0 561 19 385 280 78 130 
4 9 562 0 561 20 385 280 78 130 
4 9 562 0 561 21 384 280 82 130 
4 9 562 0 561 22 384 280 82 130 
4 9 562 0 561 23 387 282 78 130 
4 9 562 0 561 24 386 282 82 130 
4 9 562 0 561 25 386 282 82 130 
4 9 562 0 561 26 386 282 82 130 
4 9 562 0 561 27 387 282 82 132 
4 9 562 0 561 28 387 282 82 132 
4 9 562 0 561 29 387 282 82 132 
4 9 562 0 561 30 387 283 82 130 
4 9 562 0 561 31 389 282 82 133 
4 9 562 0 561 32 389 282 82 133 
4 9 562 0 561 33 389 282 82 133 
4 9 562 0 561 34 388 282 86 133 
4 9 562 0 561 35 391 282 82 133 
4 9 562 0 561 36 391 282 82 136 
4 9 562 0 561 37 391 282 82 136 
4 9 562 0 561 38 393 284 82 133 
4 9 562 0 561 39 393 284 82 133 
4 9 562 0 561 40 393 284 82 136 
4 9 562 0 561 41 393 284 84 136 
4 9 562 0 561 42 396 284 80 136 
4 9 562 0 561 43 396 284 80 136 
4 9 562 0 561 44 395 284 84 136 
4 9 562 0 561 45 395 286 84 136 
4 9 562 0 561 46 396 286 82 136 
4 9 562 0 561 47 396 286 82 136 
4 9 562 0 561 48 395 286 86 136 
4 9 562 0 561 49 395 286 86 138 
4 9 562 0 561 50 398 286 82 138 
4 9 562 0 561 51 397 286 86 138 
4 9 562 0 561 52 397 286 86 138 
4 9 562 0 561 53 397 288 86 138 
4 9 562 0 561 54 399 288 86 138 
4 9 562 0 561 55 399 288 86 138 
4 9 562 0 561 56 399 288 86 138 
4 9 562 0 561 57 402 288 82 138 
4 9 562 0 561 58 402 287 84 141 
4 9 562 0 561 59 402 287 84 141 
4 9 562 0 561 60 402 288 84 139 
4 9 562 0 561 61 402 288 86 139 
4 9 562 0 561 62 402 288 86 142 
4 9 562 0 561 63 402 288 86 142 
4 9 562 0 561 64 402 288 86 142 
4 9 562 0 561 65 404 288 86 142 
4 9 562 0 561 66 404 288 86 142 
4 9 562 0 561 67 404 288 86 144 
4 9 562 0 561 68 403 290 90 141 
4 9 562 0 561 69 406 290 86 141 
4 9 562 0 561 70 406 290 86 141 
4 9 562 0 561 71 406 290 88 144 
4 9 562 0 561 72 406 290 88 144 
4 9 562 0 561 73 409 290 84 144 
4 9 562 0 561 74 409 290 84 144 
4 9 562 0 561 75 408 292 88 144 
4 9 562 0 561 76 411 292 84 144 
4 9 562 0 561 77 411 292 84 144 
4 9 562 0 561 78 410 292 88 144 
4 9 562 0 561 79 410 292 88 144 
4 9 562 0 561 80 411 291 86 147 
4 9 562 0 561 81 410 291 90 147 
4 9 562 0 561 82 410 291 90 147 
4 9 562 0 561 83 410 294 90 144 
4 9 562 0 561 84 413 293 86 147 
4 9 562 0 561 85 412 293 90 147 
4 9 562 0 561 86 412 293 90 147 
4 9 562 0 561 87 412 293 90 147 
4 9 562 0 561 88 415 293 88 147 
4 9 562 0 561 89 415 293 88 148 
4 9 562 0 561 90 415 295 88 145 
4 9 562 0 561 91 415 295 88 145 
4 9 562 0 561 92 417 295 88 145 
4 9 562 0 561 93 417 295 88 148 
4 9 562 0 561 94 417 295 88 148 
4 9 562 0 561 95 417 295 90 148 
4 9 562 0 561 96 417 295 90 148 
4 9 562 0 561 97 417 295 90 148 
4 9 562 0 561 98 416 296 94 150 
4 9 562 0 561 99 419 296 90 150 
4 9 562 0 561 100 419 296 90 150 
4 9 562 0 561 101 419 296 90 150 
4 9 562 0 561 102 419 295 92 153 
4 9 562 0 561 103 422 295 88 153 
4 9 562 0 561 104 422 295 88 153 
4 9 562 0 561 105 421 298 92 150 
4 9 562 0 561 106 421 297 92 151 
4 9 562 0 561 107 424 297 88 151 
4 9 562 0 561 108 423 297 92 151 
4 9 562 0 561 109 423 297 92 151 
4 9 562 0 561 110 423 297 92 151 
4 9 562 0 561 111 426 297 88 154 
4 9 562 0 561 112 425 297 92 154 
4 9 562 0 561 113 425 299 92 151 
4 9 562 0 561 114 426 299 90 151 
4 9 562 0 561 115 425 299 94 154 
4 9 562 0 561 116 425 299 94 154 
4 9 562 0 561 117 425 299 94 154 
4 9 562 0 561 118 428 299 92 154 
4 9 562 0 561 119 428 299 92 154 
4 9 562 0 561 120 428 301 92 154 
4 9 562 0 561 121 428 301 92 154 
4 9 562 0 561 122 430 301 92 154 
4 9 562 0 561 123 430 301 92 154 
4 9 562 0 561 124 430 300 92 157 
4 9 562 0 561 125 429 300 96 157 
4 9 562 0 561 126 432 300 92 157 
4 9 562 0 561 127 432 300 92 157 
4 9 562 0 561 128 432 301 92 157 
4 9 562 0 561 129 431 301 96 157 
4 9 562 0 561 130 432 301 94 157 
4 9 562 0 561 131 432 301 94 157 
4 9 562 0 561 132 432 301 96 157 
4 9 562 0 561 133 435 301 92 160 
4 9 562 0 561 134 435 301 92 160 
4 9 562 0 561 135 434 303 96 157 
4 9 562 0 561 136 434 303 96 157 
4 9 562 0 561 137 437 303 92 160 
4 9 562 0 561 138 437 303 92 160 
4 9 562 0 561 139 436 303 96 160 
4 9 562 0 561 140 436 303 96 160 
4 9 562 0 561 141 439 303 92 160 
4 9 562 0 561 142 438 302 96 163 
4 9 562 0 561 143 438 305 96 160 
4 9 562 0 561 144 438 305 96 160 
4 9 562 0 561 145 440 305 96 160 
4 9 562 0 561 146 440 305 96 162 
4 9 562 0 561 147 440 305 96 162 
4 9 562 0 561 148 440 305 96 162 
4 9 562 0 561 149 441 305 96 162 
4 9 562 0 561 150 441 307 96 162 
4 9 562 0 561 151 441 307 96 162 
4 9 562 0 561 152 443 307 96 162 
4 9 562 0 561 153 443 307 96 162 
4 9 562 0 561 154 443 307 96 162 
4 9 562 0 561 155 443 306 96 165 
4 9 562 0 561 156 445 306 96 165 
4 9 562 0 561 157 445 306 96 165 
4 9 562 0 561 158 445 309 96 162 
4 9 562 0 561 159 444 308 100 165 
4 9 562 0 561 160 447 308 96 165 
4 9 562 0 561 161 447 308 96 165 
4 9 562 0 561 162 446 308 98 165 
4 9 562 0 561 163 446 308 98 165 
4 9 562 0 561 164 448 308 96 168 
4 9 562 0 561 165 448 309 96 166 
4 9 562 0 561 166 447 309 100 166 
4 9 562 0 561 167 447 309 100 166 
4 9 562 0 561 168 450 309 96 168 
4 9 562 0 561 169 449 309 100 168 
4 9 562 0 561 170 449 309 100 168 
4 9 562 0 561 171 452 309 96 168 
4 9 562 0 561 172 451 309 100 168 
4 9 562 0 561 173 451 311 100 168 
4 9 562 0 561 174 451 311 100 168 
4 9 562 0 561 175 454 311 96 168 
4 9 562 0 561 176 453 311 100 168 
4 9 562 0 561 177 453 310 100 171 
4 9 562 0 561 178 453 310 100 171 
4 9 562 0 561 179 455 310 98 171 
4 9 562 0 561 180 455 313 98 168 
4 9 562 0 561 181 455 312 98 171 
4 9 562 0 561 182 455 312 98 171 
4 9 562 0 561 183 456 312 100 171 
4 9 562 0 561 184 456 312 100 171 
4 9 562 0 561 185 456 312 100 171 
4 9 562 0 561 186 455 312 104 172 
4 9 562 0 561 187 458 312 100 172 
4 9 562 0 561 188 458 314 100 169 
4 9 562 0 561 189 457 314 104 169 
4 9 562 0 561 190 460 314 100 172 
4 9 562 0 561 191 460 314 100 172 
4 9 562 0 561 192 460 314 100 172 
4 9 562 0 561 193 459 314 102 172 
4 9 562 0 561 194 462 314 98 172 
4 9 562 0 561 195 462 315 98 174 
4 9 562 0 561 196 461 315 102 174 
4 9 562 0 561 197 461 315 102 174 
4 9 562 0 561 198 463 315 100 174 
4 9 562 0 561 199 462 314 104 177 
4 9 562 0 561 200 462 314 104 177 
4 9 562 0 561 201 462 314 104 177 
4 9 562 0 561 202 465 314 100 177 
4 9 562 0 561 203 464 316 104 177 
4 9 562 0 561 204 464 316 104 177 
4 9 562 0 561 205 464 316 104 177 
4 9 562 0 561 206 466 316 104 177 
4 9 562 0 561 207 466 316 104 177 
4 9 562 0 561 208 466 316 104 178 
4 9 562 0 561 209 468 316 102 178 
4 9 562 0 561 210 468 318 102 175 
4 9 562 0 561 211 468 318 102 175 
4 9 562 0 561 212 468 318 102 178 
4 9 562 0 561 213 470 318 102 178 
4 9 562 0 561 214 470 318 102 178 
4 9 562 0 561 215 470 318 102 178 
4 9 562 0 561 216 469 318 106 178 
4 9 562 0 561 217 471 317 104 181 
4 9 562 0 561 218 471 320 104 178 
4 9 562 0 561 219 471 320 104 178 
4 9 562 0 561 220 470 320 108 178 
4 9 562 0 561 221 473 319 104 181 
4 9 562 0 561 222 473 319 104 181 
4 9 562 0 561 223 472 319 106 181 
4 9 562 0 561 224 472 319 106 181 
4 9 562 0 561 225 475 322 102 180 
4 9 562 0 561 226 474 322 106 180 
4 9 562 0 561 227 474 322 106 180 
4 9 562 0 561 228 477 322 102 180 
4 9 562 0 561 229 477 322 102 180 
4 9 562 0 561 230 476 321 106 183 
4 9 562 0 561 231 476 321 106 183 
4 9 562 0 561 232 478 321 104 183 
4 9 562 0 561 233 477 322 108 181 
4 9 562 0 561 234 477 322 108 184 
4 9 562 0 561 235 477 322 108 184 
4 9 562 0 561 236 479 322 108 184 
4 9 562 0 561 237 479 322 108 184 
4 9 562 0 561 238 479 322 108 184 
4 9 562 0 561 239 479 321 108 187 
4 9 562 0 561 240 481 324 106 184 
4 9 562 0 561 241 481 324 106 184 
4 9 562 0 561 242 481 324 106 184 
4 9 562 0 561 243 480 323 110 187 
4 9 562 0 561 244 483 323 106 187 
4 9 562 0 561 245 483 323 106 187 
4 9 562 0 561 246 483 323 106 187 
4 9 562 0 561 247 485 323 106 187 
4 9 562 0 561 248 485 326 106 186 
4 9 562 0 561 249 485 326 106 186 
4 9 562 0 561 250 484 326 110 186 
4 9 562 0 561 251 486 326 108 186 
4 9 562 0 561 252 486 325 108 189 
4 9 562 0 561 253 485 325 110 189 
4 9 562 0 561 254 485 325 110 189 
4 9 562 0 561 255 488 328 106 186 
4 9 562 0 561 256 488 327 106 189 
4 9 562 0 561 257 487 327 110 189 
4 9 562 0 561 258 487 327 110 189 
4 9 562 0 561 259 490 327 106 189 
4 9 562 0 561 260 489 327 110 189 
4 9 562 0 561 261 489 327 110 192 
4 9 562 0 561 262 489 327 110 192 
4 9 562 0 561 263 491 328 110 190 
4 9 562 0 561 264 491 328 110 190 
4 9 562 0 561 265 491 328 110 192 
4 9 562 0 561 266 493 328 108 192 
4 9 562 0 561 267 492 328 112 192 
4 9 562 0 561 268 492 328 112 192 
4 9 562 0 561 269 492 328 112 192 
4 9 562 0 561 270 494 330 110 192 
4 9 562 0 561 271 494 330 110 192 
4 9 562 0 561 272 494 330 110 192 
4 9 562 0 561 273 494 330 110 192 
4 9 562 0 561 274 496 329 110 195 
4 9 562 0 561 275 496 329 110 195 
4 9 562 0 561 276 496 329 110 195 
4 9 562 0 561 277 495 329 114 195 
4 9 562 0 561 278 498 331 110 195 
4 9 562 0 561 279 498 331 110 195 
4 9 562 0 561 280 497 331 114 195 
4 9 562 0 561 281 497 331 114 195 
4 9 562 0 561 282 500 331 110 195 
4 9 562 0 561 283 500 331 110 198 
4 9 562 0 561 284 500 331 112 198 
4 9 562 0 561 285 501 333 110 195 
4 9 562 0 561 286 501 333 110 195 
4 9 562 0 561 287 500 333 114 196 
4 9 562 0 561 288 500 333 114 196 
4 9 562 0 561 289 503 333 110 196 
4 9 562 0 561 290 502 333 114 196 
4 9 562 0 561 291 502 333 114 196 
4 9 562 0 561 292 502 332 114 199 
4 9 562 0 561 293 505 335 110 196 
4 9 562 0 561 294 504 335 114 196 
4 9 562 0 561 295 504 335 114 196 
4 9 562 0 561 296 504 334 114 199 
4 9 562 0 561 297 506 334 114 199 
4 9 562 0 561 298 506 334 114 199 
4 9 562 0 561 299 506 334 114 199 
4 9 562 0 561 300 507 335 114 201 
4 9 562 0 561 301 507 335 114 201 
4 9 562 0 561 302 507 335 114 201 
4 9 562 0 561 303 509 335 114 202 
4 9 562 0 561 304 509 337 114 199 
4 9 562 0 561 305 508 337 118 199 
4 9 562 0 561 306 511 337 114 202 
4 9 562 0 561 307 510 337 118 202 
4 9 562 0 561 308 513 339 114 199 
4 9 562 0 561 309 513 339 116 202 
4 9 562 0 561 310 513 339 116 202 
4 9 562 0 561 311 515 339 116 202 
4 9 562 0 561 312 515 341 116 202 
4 9 562 0 561 313 515 341 118 202 
4 9 562 0 561 314 515 341 118 202 
4 9 562 0 561 315 514 340 122 205 
4 9 562 0 561 316 517 342 118 204 
4 9 562 0 561 317 516 342 122 204 
4 9 562 0 561 318 519 341 118 205 
4 9 562 0 561 319 519 341 120 205 
4 9 562 0 561 320 519 344 120 202 
4 9 562 0 561 321 521 343 120 205 
4 9 562 0 561 322 521 343 120 205 
4 9 562 0 561 323 521 346 122 202 
4 9 562 0 561 324 521 345 122 205 
4 9 562 0 561 325 520 345 126 205 
4 9 562 0 561 326 523 345 122 205 
4 9 562 0 561 327 523 347 124 205 
4 9 562 0 561 328 526 347 120 205 
4 9 562 0 561 329 525 347 124 205 
4 9 562 0 561 330 525 347 124 207 
4 9 562 0 561 331 527 350 124 204 
4 9 562 0 561 332 527 349 124 207 
4 9 562 0 561 333 526 349 128 207 
4 9 562 0 561 334 529 349 124 207 
4 9 562 0 561 335 528 350 128 208 
4 9 562 0 561 336 529 350 126 208 
4 9 562 0 561 337 529 350 128 208 
4 9 562 0 561 338 529 349 128 211 
4 9 562 0 561 339 531 352 128 208 
4 9 562 0 561 340 531 352 128 208 
4 9 562 0 561 341 533 351 128 211 
4 9 562 0 561 342 533 354 128 208 
4 9 562 0 561 343 532 354 132 208 
4 9 562 0 561 344 535 354 128 210 
4 9 562 0 561 345 534 354 130 210 
4 9 562 0 561 346 536 356 128 207 
4 9 562 0 561 347 535 356 132 210 
4 9 562 0 561 348 535 356 132 210 
4 9 562 0 561 349 537 356 132 210 
4 9 562 0 561 350 537 356 132 211 
4 9 562 0 561 351 539 356 132 211 
4 9 562 0 561 352 539 356 132 211 
4 9 562 0 561 353 538 356 136 214 
4 9 562 0 561 354 541 358 132 211 
4 9 562 0 561 355 540 358 134 211 
4 9 562 0 561 356 543 358 130 213 
4 9 562 0 561 357 542 358 134 213 
4 9 562 0 561 358 542 361 134 210 
4 9 562 0 561 359 543 360 136 213 
4 9 562 0 561 360 543 360 136 213 
4 9 562 0 561 361 545 362 136 213 
4 9 562 0 561 362 545 362 136 213 
4 9 562 0 561 363 547 362 134 213 
4 9 562 0 561 364 547 362 134 216 
4 9 562 0 561 365 549 364 134 213 
4 9 562 0 561 366 550 364 136 213 
4 9 562 0 561 367 550 364 136 216 
4 9 562 0 561 368 552 365 136 214 
4 9 562 0 561 369 554 365 136 216 
4 9 562 0 561 370 554 365 136 216 
4 9 562 0 561 371 556 365 134 216 
4 9 562 0 561 372 558 367 134 216 
4 9 562 0 561 373 558 367 134 216 
4 9 562 0 561 374 559 367 136 216 
4 9 562 0 561 375 561 369 136 216 
4 9 562 0 561 376 561 369 136 216 
4 9 562 0 561 377 563 368 134 219 
4 9 562 0 561 378 565 371 134 216 
4 9 562 0 561 379 565 371 134 216 
4 9 562 0 561 380 566 370 136 217 
4 9 562 0 561 381 566 370 136 217 
4 9 562 0 561 382 568 372 136 216 
4 9 562 0 561 383 570 371 136 219 
4 9 562 0 561 384 570 371 136 219 
4 9 562 0 561 385 572 373 134 219 
4 9 562 0 561 386 574 373 134 219 
4 9 562 0 561 387 574 373 134 219 
4 9 562 0 561 388 575 375 136 219 
4 9 562 0 561 389 577 375 136 219 
4 9 562 0 561 390 577 375 136 219 
4 9 562 0 561 391 579 375 134 222 
4 9 562 0 561 392 581 377 134 219 
4 9 562 0 561 393 581 377 134 220 
4 9 562 0 561 394 582 377 136 220 
4 9 562 0 561 395 584 379 136 217 
4 9 562 0 561 396 584 379 136 220 
4 9 562 0 561 397 586 379 136 220 
4 9 562 0 561 398 588 380 134 222 
4 9 562 0 561 399 588 380 134 222 
4 9 562 0 561 400 590 379 134 225 
4 9 562 0 561 401 591 382 136 222 
4 9 562 0 561 402 593 381 136 223 
4 9 562 0 561 403 595 383 134 223 
4 9 562 0 561 404 597 383 134 223 
4 9 562 0 561 405 598 383 136 226 
4 9 562 0 561 406 600 385 136 223 
4 9 562 0 561 407 602 385 136 226 
4 9 562 0 561 408 604 386 134 228 
4 9 562 0 561 409 606 386 134 228 
4 9 562 0 561 410 607 385 136 229 
4 9 562 0 561 411 609 387 136 229 
4 9 562 0 561 412 609 387 136 229 
4 9 562 0 561 413 611 389 134 229 
4 9 562 0 561 414 613 389 134 229 
4 9 562 0 561 415 614 389 136 232 
4 9 562 0 561 416 616 391 136 231 
4 9 562 0 561 417 618 391 136 231 
4 9 562 0 561 418 620 393 134 231 
4 9 562 0 561 419 622 393 134 231 
4 9 562 0 561 420 623 393 136 234 
4 9 562 0 561 421 625 393 136 235 
4 9 562 0 561 422 627 393 134 235 
4 9 562 0 561 423 629 395 134 235 
4 9 562 0 561 424 630 395 136 237 
4 9 562 0 561 425 630 395 136 237 
4 9 562 0 561 426 632 397 136 237 
4 9 562 0 561 427 634 397 136 237 
4 9 562 0 561 428 636 399 134 237 
4 9 562 0 561 429 638 399 134 240 
4 9 562 0 561 430 639 399 136 240 
4 9 562 0 561 431 641 400 136 240 
4 9 562 0 561 432 643 400 134 240 
4 9 562 0 561 433 645 402 134 240 
4 9 562 0 561 434 646 401 136 243 
4 9 562 0 561 435 648 401 136 243 
4 9 562 0 561 436 650 403 136 243 
4 9 562 0 561 437 652 403 134 246 
4 9 562 0 561 438 652 405 134 243 
4 9 562 0 561 439 654 405 134 244 
4 9 562 0 561 440 655 405 136 244 
4 9 562 0 561 441 657 407 136 244 
4 9 562 0 561 442 659 406 134 247 
4 9 562 0 561 443 661 408 134 246 
4 9 562 0 561 444 662 407 136 249 
4 9 562 0 561 445 664 407 136 249 
4 9 562 0 561 446 666 409 136 247 
4 9 562 0 561 447 668 409 134 250 
4 9 562 0 561 448 670 411 134 247 
4 9 562 0 561 449 671 411 136 250 
4 9 562 0 561 450 673 413 136 250 
4 9 562 0 561 451 675 413 134 250 
4 9 562 0 561 452 677 412 134 253 
4 9 562 0 561 453 677 413 140 253 
4 9 562 0 561 454 682 413 136 253 
4 9 562 0 561 455 683 415 138 253 
4 9 562 0 561 456 685 415 138 256 
4 9 562 0 561 457 688 417 138 256 
4 9 562 0 561 458 690 417 138 256 
4 9 562 0 561 459 691 419 142 255 
4 9 562 0 561 460 692 419 144 258 
4 9 562 0 561 461 696 421 142 258 
4 9 562 0 561 462 698 421 142 258 
4 9 562 0 561 463 700 421 144 259 
4 9 562 0 561 464 703 421 142 262 
4 9 562 0 561 465 704 423 146 261 
4 9 562 0 561 466 706 423 146 261 
4 9 562 0 561 467 709 425 146 261 
4 9 562 0 561 468 711 425 146 264 
4 9 562 0 561 469 713 425 148 264 
4 9 562 0 561 470 715 427 148 264 
4 9 562 0 561 471 717 426 150 265 
4 9 562 0 561 472 719 427 150 267 
4 9 562 0 561 473 721 427 152 267 
4 9 562 0 561 474 724 429 150 267 
4 9 562 0 561 475 726 429 152 270 
4 9 562 0 561 476 728 431 152 270 
4 9 562 0 561 477 729 431 156 270 
4 9 562 0 561 478 732 433 154 268 
4 9 562 0 561 479 734 432 156 271 
4 9 562 0 561 480 736 434 156 271 
4 9 562 0 561 481 739 434 156 271 
4 9 562 0 561 482 741 435 156 273 
4 9 562 0 561 483 742 435 160 274 
4 9 562 0 561 484 745 437 158 274 
4 9 562 0 561 485 748 437 156 274 
4 9 562 0 561 486 749 436 160 277 
4 9 562 0 561 487 751 438 160 277 
4 9 562 0 561 488 754 438 160 277 
4 9 562 0 561 489 756 440 160 277 
4 9 562 0 561 490 757 440 164 278 
4 9 562 0 561 491 761 441 160 277 
4 9 562 0 561 492 762 441 164 277 
4 9 562 0 561 493 764 443 164 275 
4 9 562 0 561 494 765 442 166 276 
4 9 562 0 561 495 769 445 164 274 
4 9 562 0 561 496 770 445 168 274 
4 9 562 0 561 497 772 447 166 272 
4 9 562 0 561 498 775 446 168 272 
4 9 562 0 561 499 777 448 168 270 
4 9 562 0 561 500 778 448 170 270 
4 9 562 0 561 501 782 449 168 269 
4 9 562 0 561 502 783 449 172 270 
4 9 562 0 561 503 785 449 170 270 
4 9 562 0 561 504 786 451 174 268 
4 9 562 0 561 505 790 450 172 268 
4 9 562 0 561 506 791 452 174 266 
4 9 562 0 561 507 793 452 174 266 
4 9 562 0 561 508 796 454 176 264 
4 9 562 0 561 509 798 454 174 264 
4 9 562 0 561 510 799 455 178 264 
4 9 562 0 561 511 801 455 178 264 
4 9 562 0 561 512 804 457 178 262 
4 9 562 0 561 513 806 456 178 262 
4 9 562 0 561 514 807 458 182 260 
4 9 562 0 561 515 811 458 178 260 
4 9 562 0 561 516 812 460 182 258 
4 9 562 0 561 517 814 460 182 258 
4 9 562 0 561 518 819 462 180 256 
4 9 562 0 561 519 819 462 182 256 
4 9 562 0 561 520 824 463 178 255 
4 9 562 0 561 521 827 466 178 253 
4 9 562 0 561 522 832 466 174 253 
4 9 562 0 561 523 833 468 178 250 
4 9 562 0 561 524 837 471 174 248 
4 9 562 0 561 525 842 471 170 248 
4 9 562 0 561 526 845 472 172 246 
4 9 562 0 561 527 847 474 172 244 
4 9 562 0 561 528 851 477 170 242 
4 9 562 0 561 529 855 477 168 242 
4 9 562 0 561 530 860 479 164 239 
4 9 562 0 561 531 863 482 164 237 
4 9 562 0 561 532 865 482 164 237 
4 9 562 0 561 533 869 483 164 235 
4 9 562 0 561 534 873 485 160 233 
4 9 562 0 561 535 878 485 156 233 
4 9 562 0 561 536 879 488 160 230 
4 9 562 0 561 537 883 490 156 228 
4 9 562 0 561 538 887 491 156 227 
4 9 562 0 561 539 890 491 154 227 
4 9 562 0 561 540 895 494 150 225 
4 9 562 0 561 541 897 496 152 222 
4 9 562 0 561 542 900 496 150 222 
4 9 562 0 561 543 905 499 148 220 
4 9 562 0 561 544 908 501 146 217 
4 9 562 0 561 545 910 501 146 217 
4 9 562 0 561 546 914 502 146 216 
4 9 562 0 561 547 918 505 142 213 
4 9 562 0 561 548 922 507 142 211 
4 9 562 0 561 549 926 507 140 211 
4 9 562 0 561 550 928 509 138 209 
4 9 562 0 561 551 932 511 138 208 
4 9 562 0 561 552 936 511 136 208 
4 9 562 0 561 553 940 513 134 205 
4 9 562 0 561 554 942 516 134 203 
4 9 562 0 561 555 946 516 132 203 
4 9 562 0 561 556 950 518 130 200 
4 9 562 0 561 557 954 521 128 198 
4 9 562 0 561 558 958 521 128 197 
4 9 562 0 561 559 958 521 128 197 
4 9 562 0 561 560 958 521 128 197 
4 9 562 0 561 561 958 521 128 197 
