0 242 300 967 364 53 137 1
0 242 301 965 364 53 137 1
0 242 302 965 364 53 137 1
0 242 303 965 364 53 137 1
0 242 304 965 364 53 137 1
0 242 305 965 364 53 137 1
0 242 306 965 364 53 137 1
0 242 307 965 364 53 137 1
0 242 308 965 364 53 137 1
0 242 309 965 364 53 137 1
0 242 310 965 364 53 137 1
0 242 311 965 364 53 137 1
0 242 312 965 364 53 137 1
0 242 313 965 364 53 137 1
0 242 314 965 364 53 137 1
0 242 315 963 364 55 137 1
0 242 316 963 364 55 137 1
0 242 317 963 364 55 137 1
0 242 318 963 364 55 137 1
0 242 319 963 364 55 137 1
0 242 320 963 364 55 137 1
0 242 321 963 364 55 137 1
0 242 322 963 364 55 137 1
0 242 323 963 364 55 137 1
0 242 324 963 364 55 137 1
0 242 325 963 364 55 137 1
0 242 326 963 364 55 137 1
0 242 327 963 364 55 137 1
0 242 328 963 364 55 137 1
0 242 329 961 364 57 137 1
0 242 330 961 364 57 137 1
0 242 331 961 364 57 137 1
0 242 332 961 364 57 137 1
0 242 333 961 364 57 137 1
0 242 334 961 364 57 137 1
0 242 335 961 364 57 137 1
0 242 336 961 364 57 137 1
0 242 337 961 364 57 137 1
0 242 338 961 364 57 137 1
0 242 339 961 364 57 137 1
0 242 340 961 364 57 137 1
0 242 341 961 364 57 137 1
0 242 342 961 366 57 137 1
0 242 343 960 366 56 137 1
0 242 344 958 366 58 137 1
0 242 345 956 366 59 137 1
0 242 346 954 366 61 137 1
0 242 347 952 366 63 137 1
0 242 348 951 366 62 137 1
0 242 349 949 366 64 137 1
0 242 350 947 366 64 137 1
0 242 351 945 366 66 137 1
0 242 352 944 366 67 137 1
0 242 353 942 366 67 137 1
0 242 354 940 366 69 137 1
0 242 355 938 366 70 137 1
0 242 356 936 366 72 137 1
0 242 357 935 366 73 137 1
0 242 358 933 366 73 137 1
0 242 359 931 366 75 137 1
0 242 360 931 368 75 136 1
0 242 361 929 366 75 137 1
0 242 362 929 366 75 137 1
0 242 363 929 366 75 137 1
0 242 364 928 364 74 137 1
0 242 365 928 364 74 137 1
0 242 366 928 364 74 137 1
0 242 367 928 364 74 137 1
0 242 368 924 362 75 137 1
0 242 369 922 362 75 137 1
0 242 370 920 362 75 137 1
0 242 371 919 362 74 137 1
0 242 372 917 362 75 137 1
0 242 373 915 362 75 137 1
0 242 374 913 362 75 137 1
0 242 375 910 360 74 137 1
0 242 376 908 360 75 137 1
0 242 377 906 360 75 137 1
0 242 378 904 360 75 137 1
0 242 379 903 360 74 137 1
0 242 380 901 360 75 137 1
0 242 381 899 360 75 137 1
0 242 382 897 360 75 137 1
0 242 383 896 359 74 137 1
0 242 384 894 357 74 139 1
0 242 385 892 357 76 139 1
0 242 386 890 355 77 141 1
0 242 387 888 355 79 141 1
0 242 388 887 353 78 143 1
0 242 389 885 353 80 141 1
0 242 390 883 352 80 142 1
0 242 391 881 352 82 142 1
0 242 392 880 350 81 144 1
0 242 393 878 350 83 144 1
0 242 394 876 348 84 146 1
0 242 395 874 348 86 146 1
0 242 396 871 346 85 146 1
0 242 397 869 346 83 144 1
0 242 398 867 346 84 144 1
0 242 399 865 346 82 142 1
0 242 400 864 346 80 142 1
0 242 401 860 344 82 143 1
0 242 402 858 344 80 143 1
0 242 403 856 344 79 141 1
0 242 404 855 344 78 141 1
0 242 405 853 344 76 139 1
0 242 406 849 343 77 138 1
0 242 407 848 343 76 138 1
0 242 408 846 343 74 137 1
0 242 409 844 343 73 137 1
0 242 410 842 343 73 135 1
0 242 411 840 343 72 135 1
0 242 412 837 341 71 135 1
0 242 413 835 341 71 135 1
0 242 414 833 341 70 133 1
0 242 415 832 341 67 131 1
0 242 416 830 341 67 131 1
0 242 417 826 339 68 132 1
0 242 418 824 339 66 132 1
0 242 419 823 339 65 130 1
0 242 420 821 339 64 130 1
0 242 421 819 339 62 128 1
0 242 422 817 339 63 128 1
0 242 423 814 337 62 128 1
0 242 424 812 337 62 128 1
0 242 425 808 336 63 128 1
0 242 426 807 336 62 128 1
0 242 427 803 336 62 128 1
0 242 428 801 334 63 128 1
0 242 429 798 334 62 128 1
0 242 430 796 334 62 128 1
0 242 431 794 332 62 128 1
0 242 432 791 332 62 128 1
0 242 433 789 332 62 128 1
0 242 434 785 330 63 128 1
0 242 435 784 330 62 128 1
0 242 436 780 328 62 128 1
0 242 437 778 328 62 128 1
0 242 438 775 328 62 128 1
0 242 439 773 327 62 128 1
0 242 440 771 327 62 128 1
0 242 441 768 327 62 128 1
0 242 442 766 325 62 128 1
0 242 443 762 325 62 128 1
0 242 444 760 325 63 128 1
0 242 445 757 323 62 128 1
0 242 446 755 323 62 128 1
0 242 447 753 323 63 128 1
0 242 448 750 321 62 128 1
0 242 449 748 321 62 128 1
0 242 450 746 321 61 128 1
0 242 451 744 321 61 127 1
0 242 452 743 321 60 127 1
0 242 453 739 321 61 127 1
0 242 454 737 321 61 125 1
0 242 455 736 320 58 126 1
0 242 456 734 320 58 126 1
0 242 457 732 320 59 124 1
0 242 458 728 320 59 124 1
0 242 459 727 320 58 124 1
0 242 460 725 320 57 122 1
0 242 461 723 320 57 122 1
0 242 462 721 320 57 122 1
0 242 463 718 318 57 122 1
0 242 464 716 318 57 122 1
0 242 465 714 318 55 122 1
0 242 466 712 318 56 121 1
0 242 467 711 318 55 121 1
0 242 468 707 318 55 121 1
0 242 469 705 318 55 119 1
0 242 470 704 316 53 121 1
0 242 471 702 316 53 121 1
0 242 472 700 316 53 119 1
0 242 473 696 316 54 119 1
0 242 474 695 316 53 119 1
0 242 475 693 316 51 117 1
0 242 476 691 316 52 117 1
0 242 477 689 316 52 117 1
0 242 478 686 314 51 118 1
0 242 479 684 314 52 118 1
0 242 480 682 314 52 118 1
0 242 481 680 314 50 116 1
0 242 482 679 314 49 116 1
0 242 483 677 312 50 118 1
0 242 484 673 312 52 116 1
0 242 485 672 312 49 116 1
0 242 486 670 312 50 116 1
0 242 487 668 312 50 116 1
0 242 488 666 311 50 115 1
0 242 489 664 311 48 115 1
0 242 490 663 311 48 115 1
0 242 491 659 311 50 113 1
0 242 492 657 311 50 113 1
0 242 493 656 311 48 113 1
0 242 494 654 309 48 114 1
0 242 495 652 309 48 114 1
0 242 496 650 309 48 114 1
0 242 497 648 309 47 114 1
0 242 498 645 309 48 112 1
0 242 499 643 307 48 114 1
0 242 500 641 307 48 114 1
0 242 501 640 307 46 112 1
0 242 502 638 307 46 112 1
0 242 503 636 307 46 112 1
0 242 504 634 307 46 112 1
0 242 505 631 305 46 112 1
0 242 506 629 305 46 112 1
0 242 507 627 305 46 112 1
0 242 508 625 305 47 111 1
0 242 509 624 305 46 111 1
0 242 510 622 305 46 111 1
0 242 511 620 305 46 109 1
0 242 512 618 304 46 110 1
0 242 513 616 304 47 110 1
0 242 514 615 304 46 108 1
0 242 515 613 304 46 108 1
0 242 516 611 304 46 108 1
0 242 517 609 304 47 106 1
0 242 518 608 304 46 106 1
0 242 519 606 302 46 108 1
0 242 520 604 302 46 106 1
0 242 521 602 302 46 106 1
0 242 522 600 302 47 106 1
0 242 523 599 302 46 105 1
0 242 524 597 302 46 105 1
0 242 525 595 302 46 105 1
0 242 526 593 300 47 105 1
0 242 527 592 300 46 105 1
0 242 528 590 300 46 105 1
0 242 529 588 300 46 103 1
0 242 530 586 300 46 103 1
0 242 531 584 300 47 103 1
0 242 532 583 300 46 103 1
0 242 533 581 298 46 103 1
0 242 534 579 298 46 103 1
0 242 535 577 298 47 103 1
0 242 536 576 298 46 103 1
0 242 537 574 298 46 103 1
0 242 538 572 298 46 103 1
0 242 539 570 298 46 103 1
0 242 540 568 298 47 103 1
0 242 541 568 298 47 103 1
1 542 0 350 288 41 74 1
1 542 1 350 288 41 74 1
1 542 2 350 288 41 74 1
1 542 3 350 288 41 74 1
1 542 4 350 288 41 74 1
1 542 5 350 288 41 74 1
1 542 6 350 288 41 74 1
1 542 7 350 288 41 74 1
1 542 8 350 288 42 76 1
1 542 9 350 288 42 76 1
1 542 10 352 288 40 76 1
1 542 11 352 288 40 76 1
1 542 12 352 288 40 76 1
1 542 13 352 288 40 76 1
1 542 14 352 288 40 76 1
1 542 15 352 288 40 76 1
1 542 16 352 288 42 78 1
1 542 17 352 288 42 78 1
1 542 18 352 288 42 78 1
1 542 19 352 288 42 78 1
1 542 20 353 288 41 78 1
1 542 21 353 288 41 78 1
1 542 22 353 288 41 78 1
1 542 23 353 288 41 78 1
1 542 24 353 289 43 79 1
1 542 25 353 289 43 79 1
1 542 26 353 289 43 79 1
1 542 27 353 289 43 79 1
1 542 28 353 289 43 79 1
1 542 29 355 289 41 79 1
1 542 30 355 289 41 79 1
1 542 31 355 289 41 79 1
1 542 32 355 289 43 80 1
1 542 33 355 289 43 80 1
1 542 34 355 289 43 80 1
1 542 35 355 289 43 80 1
1 542 36 355 289 43 80 1
1 542 37 355 289 43 80 1
1 542 38 355 289 43 80 1
1 542 39 357 289 41 80 1
1 542 40 357 289 43 82 1
1 542 41 357 289 43 82 1
1 542 42 357 289 43 82 1
1 542 43 357 289 43 82 1
1 542 44 357 289 43 82 1
1 542 45 357 289 43 82 1
1 542 46 357 289 43 82 1
1 542 47 357 289 43 82 1
1 542 48 359 291 42 82 1
1 542 49 359 291 42 82 1
1 542 50 359 291 42 82 1
1 542 51 359 291 42 82 1
1 542 52 359 291 42 82 1
1 542 53 359 291 44 82 1
1 542 54 360 291 43 84 1
1 542 55 360 291 43 84 1
1 542 56 360 291 43 84 1
1 542 57 360 291 43 84 1
1 542 58 360 293 45 82 1
1 542 59 360 293 45 82 1
1 542 60 362 293 43 83 1
1 542 61 362 293 43 83 1
1 542 62 362 293 43 83 1
1 542 63 362 293 45 83 1
1 542 64 362 293 45 83 1
1 542 65 362 293 45 83 1
1 542 66 364 293 43 85 1
1 542 67 364 293 43 85 1
1 542 68 364 295 44 83 1
1 542 69 364 295 44 83 1
1 542 70 364 295 44 83 1
1 542 71 366 295 42 85 1
1 542 72 366 295 42 85 1
1 542 73 366 295 44 85 1
1 542 74 366 295 44 85 1
1 542 75 366 295 44 85 1
1 542 76 366 295 44 85 1
1 542 77 368 295 42 87 1
1 542 78 368 296 44 86 1
1 542 79 368 296 44 86 1
1 542 80 368 296 44 86 1
1 542 81 368 296 44 86 1
1 542 82 368 296 44 86 1
1 542 83 369 296 45 88 1
1 542 84 369 296 45 88 1
1 542 85 369 296 45 88 1
1 542 86 369 296 45 88 1
1 542 87 369 296 45 88 1
1 542 88 369 298 47 86 1
1 542 89 371 298 45 87 1
1 542 90 371 298 45 87 1
1 542 91 371 298 45 87 1
1 542 92 371 298 45 87 1
1 542 93 371 298 46 87 1
1 542 94 373 298 44 89 1
1 542 95 373 298 44 89 1
1 542 96 373 298 44 89 1
1 542 97 373 298 44 89 1
1 542 98 373 300 46 87 1
1 542 99 373 300 46 87 1
1 542 100 375 300 44 89 1
1 542 101 375 300 44 89 1
1 542 102 375 300 44 89 1
1 542 103 375 300 46 89 1
1 542 104 375 300 46 89 1
1 542 105 375 300 46 89 1
1 542 106 376 300 45 91 1
1 542 107 376 300 45 91 1
1 542 108 376 302 47 89 1
1 542 109 376 302 47 89 1
1 542 110 376 302 47 89 1
1 542 111 376 302 47 89 1
1 542 112 378 302 45 90 1
1 542 113 378 302 46 90 1
1 542 114 378 302 46 90 1
1 542 115 378 302 46 90 1
1 542 116 378 302 46 90 1
1 542 117 380 304 46 90 1
1 542 118 380 304 46 90 1
1 542 119 380 304 46 90 1
1 542 120 380 304 48 90 1
1 542 121 382 304 46 90 1
1 542 122 382 304 46 92 1
1 542 123 382 304 48 92 1
1 542 124 384 304 46 92 1
1 542 125 384 305 46 91 1
1 542 126 384 305 48 91 1
1 542 127 385 305 47 93 1
1 542 128 385 305 47 93 1
1 542 129 385 305 48 93 1
1 542 130 385 305 48 93 1
1 542 131 387 305 46 95 1
1 542 132 387 305 48 95 1
1 542 133 387 307 48 93 1
1 542 134 389 307 46 93 1
1 542 135 389 307 48 93 1
1 542 136 389 307 48 94 1
1 542 137 391 307 46 94 1
1 542 138 391 307 48 94 1
1 542 139 391 307 48 94 1
1 542 140 392 309 47 94 1
1 542 141 392 309 48 94 1
1 542 142 392 309 48 94 1
1 542 143 392 309 48 94 1
1 542 144 394 309 48 94 1
1 542 145 394 309 48 96 1
1 542 146 394 309 48 96 1
1 542 147 396 309 48 96 1
1 542 148 396 311 48 94 1
1 542 149 396 311 48 94 1
1 542 150 398 311 48 96 1
1 542 151 398 311 48 96 1
1 542 152 398 311 48 96 1
1 542 153 398 311 50 96 1
1 542 154 400 311 48 97 1
1 542 155 400 311 48 97 1
1 542 156 400 312 49 96 1
1 542 157 401 312 48 96 1
1 542 158 401 312 48 96 1
1 542 159 401 312 50 98 1
1 542 160 403 312 48 98 1
1 542 161 403 312 48 98 1
1 542 162 403 312 50 98 1
1 542 163 405 314 48 98 1
1 542 164 405 314 48 98 1
1 542 165 405 314 50 98 1
1 542 166 405 314 50 98 1
1 542 167 407 314 48 98 1
1 542 168 407 314 49 100 1
1 542 169 407 314 49 100 1
1 542 170 408 314 48 100 1
1 542 171 408 316 50 98 1
1 542 172 408 316 50 98 1
1 542 173 410 316 48 100 1
1 542 174 410 316 50 100 1
1 542 175 410 316 50 100 1
1 542 176 410 316 50 100 1
1 542 177 412 316 50 101 1
1 542 178 412 316 50 101 1
1 542 179 412 318 50 99 1
1 542 180 414 318 50 99 1
1 542 181 414 318 50 99 1
1 542 182 414 318 50 101 1
1 542 183 416 318 49 101 1
1 542 184 416 318 49 101 1
1 542 185 416 318 49 101 1
1 542 186 417 320 50 101 1
1 542 187 417 320 50 101 1
1 542 188 417 320 50 101 1
1 542 189 417 320 50 101 1
1 542 190 419 320 50 101 1
1 542 191 419 320 50 103 1
1 542 192 419 320 50 103 1
1 542 193 421 321 50 102 1
1 542 194 421 321 50 102 1
1 542 195 421 321 50 103 1
1 542 196 421 321 51 103 1
1 542 197 423 321 49 103 1
1 542 198 423 321 49 103 1
1 542 199 423 323 51 103 1
1 542 200 424 323 50 103 1
1 542 201 424 323 50 103 1
1 542 202 424 323 52 103 1
1 542 203 424 323 52 105 1
1 542 204 426 323 50 105 1
1 542 205 426 325 50 103 1
1 542 206 426 325 52 103 1
1 542 207 428 325 50 105 1
1 542 208 428 325 50 105 1
1 542 209 428 325 52 105 1
1 542 210 428 325 52 105 1
1 542 211 430 327 50 105 1
1 542 212 430 327 51 105 1
1 542 213 430 327 51 105 1
1 542 214 432 327 49 105 1
1 542 215 432 327 51 106 1
1 542 216 432 327 51 106 1
1 542 217 433 328 50 105 1
1 542 218 433 328 52 105 1
1 542 219 433 328 52 107 1
1 542 220 433 328 52 107 1
1 542 221 435 328 50 107 1
1 542 222 435 328 52 107 1
1 542 223 435 330 52 107 1
1 542 224 437 330 50 107 1
1 542 225 437 330 51 107 1
1 542 226 437 330 51 107 1
1 542 227 437 330 51 109 1
1 542 228 439 330 51 109 1
1 542 229 439 332 51 107 1
1 542 230 439 332 51 107 1
1 542 231 440 332 52 107 1
1 542 232 440 332 52 108 1
1 542 233 440 332 52 108 1
1 542 234 440 332 54 108 1
1 542 235 442 332 52 108 1
1 542 236 442 334 52 108 1
1 542 237 442 334 54 108 1
1 542 238 444 334 52 108 1
1 542 239 444 334 52 108 1
1 542 240 444 334 52 110 1
1 542 241 444 334 53 110 1
1 542 242 446 336 51 108 1
1 542 243 446 336 51 108 1
1 542 244 446 336 53 110 1
1 542 245 448 336 51 110 1
1 542 246 448 336 51 110 1
1 542 247 448 336 53 110 1
1 542 248 449 337 52 111 1
1 542 249 449 337 52 111 1
1 542 250 449 337 54 111 1
1 542 251 449 337 54 111 1
1 542 252 451 337 52 112 1
1 542 253 451 337 53 112 1
1 542 254 451 339 53 110 1
1 542 255 453 339 51 110 1
1 542 256 453 339 51 112 1
1 542 257 453 339 53 112 1
1 542 258 453 339 53 112 1
1 542 259 455 339 51 112 1
1 542 260 455 341 53 112 1
1 542 261 455 341 53 112 1
1 542 262 456 341 52 112 1
1 542 263 456 341 54 112 1
1 542 264 456 341 54 114 1
1 542 265 456 341 54 114 1
1 542 266 458 343 54 112 1
1 542 267 458 343 54 112 1
1 542 268 458 343 54 113 1
1 542 269 460 343 53 113 1
1 542 270 460 343 53 113 1
1 542 271 460 343 53 113 1
1 542 272 462 344 53 114 1
1 542 273 462 344 53 114 1
1 542 274 462 344 53 114 1
1 542 275 464 344 53 114 1
1 542 276 464 344 53 116 1
1 542 277 465 346 54 114 1
1 542 278 465 346 54 114 1
1 542 279 467 346 53 116 1
1 542 280 467 346 53 116 1
1 542 281 467 346 55 116 1
1 542 282 469 348 53 114 1
1 542 283 469 348 55 116 1
1 542 284 471 348 53 116 1
1 542 285 471 348 55 116 1
1 542 286 472 350 54 115 1
1 542 287 472 350 54 115 1
1 542 288 472 350 56 115 1
1 542 289 474 350 54 115 1
1 542 290 474 350 55 117 1
1 542 291 476 352 53 115 1
1 542 292 476 352 55 115 1
1 542 293 478 352 53 117 1
1 542 294 478 352 55 117 1
1 542 295 478 352 55 117 1
1 542 296 480 353 55 116 1
1 542 297 480 353 55 118 1
1 542 298 481 353 55 118 1
1 542 299 481 353 55 118 1
1 542 300 483 355 55 117 1
1 542 301 483 355 55 117 1
1 542 302 483 355 57 119 1
1 542 303 483 355 59 119 1
1 542 304 485 357 57 119 1
1 542 305 485 357 59 121 1
1 542 306 485 357 60 121 1
1 542 307 487 357 58 123 1
1 542 308 487 359 60 122 1
1 542 309 487 359 62 122 1
1 542 310 488 359 61 124 1
1 542 311 488 359 63 124 1
1 542 312 488 360 64 125 1
1 542 313 490 360 62 127 1
1 542 314 490 360 64 127 1
1 542 315 490 360 66 128 1
1 542 316 492 362 66 128 1
1 542 317 492 362 66 128 1
1 542 318 494 362 64 128 1
1 542 319 494 362 64 128 1
1 542 320 496 362 62 128 1
1 542 321 496 362 62 128 1
1 542 322 497 364 61 128 1
1 542 323 497 364 61 128 1
1 542 324 499 364 59 128 1
1 542 325 501 364 59 128 1
1 542 326 501 364 59 128 1
1 542 327 503 364 57 128 1
1 542 328 503 366 57 128 1
1 542 329 504 366 56 128 1
1 542 330 504 366 56 128 1
1 542 331 506 366 54 128 1
1 542 332 506 366 54 128 1
1 542 333 508 366 52 128 1
1 542 334 510 368 51 128 1
1 542 335 510 368 51 128 1
1 542 336 512 368 51 129 1
1 542 337 512 368 53 129 1
1 542 338 513 369 54 130 1
1 542 339 515 369 53 130 1
1 542 340 515 369 55 132 1
1 542 341 517 371 55 130 1
1 542 342 519 371 55 132 1
1 542 343 519 371 57 132 1
1 542 344 520 371 57 133 1
1 542 345 520 373 57 131 1
1 542 346 522 373 57 133 1
1 542 347 524 373 57 133 1
1 542 348 524 375 59 133 1
1 542 349 526 375 58 133 1
1 542 350 528 375 58 135 1
1 542 351 528 376 60 136 1
1 542 352 529 376 61 136 1
1 542 353 529 376 63 137 1
1 542 354 531 376 62 137 1
1 542 355 533 378 60 137 1
1 542 356 533 378 62 137 1
1 542 357 535 378 62 139 1
1 542 358 536 380 63 137 1
1 542 359 536 380 64 139 1
1 542 360 538 380 64 139 1
1 542 361 538 380 66 140 1
1 542 362 540 382 66 138 1
1 542 363 542 382 66 140 1
1 542 364 542 382 67 140 1
1 542 365 544 384 65 140 1
1 542 366 545 384 66 140 1
1 542 367 545 384 68 142 1
1 542 368 547 385 68 143 1
1 542 369 547 385 69 143 1
1 542 370 549 385 69 144 1
1 542 371 551 385 69 144 1
1 542 372 551 387 71 144 1
1 542 373 552 387 72 144 1
1 542 374 554 387 71 146 1
1 542 375 554 389 71 144 1
1 542 376 556 389 71 146 1
1 542 377 556 389 73 146 1
1 542 378 558 389 73 147 1
1 542 379 560 391 72 145 1
1 542 380 560 391 74 147 1
1 542 381 561 391 75 147 1
1 542 382 563 392 75 148 1
1 542 383 563 392 77 148 1
1 542 384 565 392 76 150 1
1 542 385 567 394 76 150 1
1 542 386 567 394 78 150 1
1 542 387 568 394 79 151 1
1 542 388 570 396 78 149 1
1 542 389 572 396 78 151 1
1 542 390 574 398 78 151 1
1 542 391 576 398 78 151 1
1 542 392 577 398 79 153 1
1 542 393 579 400 78 151 1
1 542 394 581 400 78 152 1
1 542 395 583 401 80 153 1
1 542 396 584 401 80 153 1
1 542 397 586 401 80 155 1
1 542 398 588 403 80 155 1
1 542 399 590 403 80 155 1
1 542 400 592 405 80 155 1
1 542 401 593 405 80 155 1
1 542 402 595 405 80 156 1
1 542 403 597 407 80 156 1
1 542 404 599 407 80 156 1
1 542 405 600 408 82 157 1
1 542 406 602 408 82 157 1
1 542 407 604 410 82 157 1
1 542 408 606 410 82 158 1
1 542 409 608 410 81 158 1
1 542 410 609 412 82 158 1
1 542 411 611 412 82 160 1
1 542 412 611 414 84 158 1
1 542 413 613 414 83 160 1
1 542 414 615 414 83 160 1
1 542 415 616 416 86 160 1
1 542 416 618 416 86 161 1
1 542 417 620 417 85 160 1
1 542 418 622 417 85 162 1
1 542 419 624 417 85 162 1
1 542 420 625 419 86 162 1
1 542 421 627 419 85 164 1
1 542 422 629 421 85 162 1
1 542 423 631 421 85 163 1
1 542 424 632 423 88 163 1
1 542 425 634 423 87 163 1
1 542 426 636 423 87 165 1
1 542 427 638 424 87 164 1
1 542 428 640 424 87 166 1
1 542 429 641 426 87 166 1
1 542 430 643 426 87 166 1
1 542 431 645 426 87 167 1
1 542 432 647 428 87 165 1
1 542 433 648 428 88 167 1
1 542 434 650 430 89 167 1
1 542 435 652 430 89 167 1
1 542 436 654 430 89 169 1
1 542 437 656 432 88 168 1
1 542 438 656 432 90 168 1
1 542 439 657 433 91 169 1
1 542 440 659 433 91 169 1
1 542 441 661 433 91 171 1
1 542 442 663 435 90 171 1
1 542 443 664 435 91 171 1
1 542 444 666 437 93 171 1
1 542 445 668 437 92 171 1
1 542 446 670 439 92 170 1
1 542 447 672 439 92 172 1
1 542 448 673 439 93 172 1
1 542 449 675 440 93 173 1
1 542 450 677 440 92 175 1
1 542 451 679 442 92 173 1
1 542 452 680 442 93 174 1
1 542 453 682 442 93 174 1
1 542 454 684 444 94 174 1
1 542 455 686 444 94 176 1
1 542 456 688 446 94 174 1
1 542 457 689 446 95 176 1
1 542 458 691 446 94 176 1
1 542 459 693 448 94 176 1
1 542 460 695 448 94 177 1
1 542 461 696 449 95 176 1
1 542 462 698 449 94 178 1
1 542 463 700 451 96 178 1
1 542 464 702 451 96 178 1
1 542 465 705 453 96 178 1
1 542 466 707 453 96 179 1
1 542 467 711 455 96 179 1
1 542 468 712 455 98 181 1
1 542 469 716 456 96 182 1
1 542 470 718 456 98 182 1
1 542 471 721 458 98 182 1
1 542 472 723 460 98 181 1
1 542 473 727 460 97 183 1
1 542 474 728 462 98 183 1
1 542 475 732 462 98 185 1
1 542 476 734 464 99 183 1
1 542 477 737 464 98 184 1
1 542 478 739 465 100 185 1
1 542 479 743 467 99 185 1
1 542 480 744 467 100 187 1
1 542 481 748 469 100 187 1
1 542 482 750 469 99 187 1
1 542 483 753 471 100 186 1
1 542 484 755 471 101 188 1
1 542 485 759 472 99 189 1
1 542 486 760 472 102 191 1
1 542 487 764 474 101 190 1
1 542 488 766 476 101 188 1
1 542 489 769 476 102 190 1
1 542 490 771 478 101 190 1
1 542 491 775 478 101 192 1
1 542 492 776 480 104 192 1
1 542 493 780 480 101 193 1
1 542 494 782 481 103 192 1
1 542 495 785 483 103 192 1
1 542 496 787 483 103 194 1
1 542 497 791 485 103 194 1
1 542 498 792 485 104 195 1
1 542 499 796 487 103 195 1
1 542 500 798 487 105 195 1
1 542 501 801 488 103 196 1
1 542 502 803 488 105 198 1
1 542 503 807 490 105 198 1
1 542 504 808 492 105 197 1
1 542 505 812 492 105 199 1
1 542 506 814 494 105 197 1
1 542 507 817 494 105 199 1
1 542 508 819 496 107 199 1
1 542 509 823 496 105 200 1
1 542 510 824 497 107 201 1
1 542 511 828 499 107 201 1
1 542 512 833 501 107 201 1
1 542 513 839 503 106 202 1
1 542 514 844 504 107 205 1
1 542 515 849 506 109 206 1
1 542 516 851 508 109 204 1
1 542 517 853 510 108 204 1
1 542 518 855 513 108 201 1
1 542 519 856 515 109 201 1
1 542 520 858 519 109 199 1
1 542 521 860 519 110 199 1
1 542 522 864 519 110 199 1
1 542 523 867 520 110 198 1
1 542 524 871 520 112 198 1
1 542 525 872 520 114 198 1
1 542 526 876 522 114 196 1
1 542 527 880 522 113 196 1
1 542 528 883 524 116 194 1
1 542 529 887 524 117 194 1
1 542 530 892 526 117 192 1
1 542 531 897 528 118 190 1
1 542 532 903 529 117 189 1
1 542 533 906 531 119 187 1
1 542 534 912 533 119 185 1
1 542 535 917 533 119 185 1
1 542 536 922 535 119 183 1
1 542 537 926 536 121 182 1
1 542 538 931 538 121 180 1
1 542 539 936 540 121 178 1
1 542 540 942 542 121 176 1
1 542 541 947 544 123 174 1
2 169 300 360 270 36 76 5
2 169 301 360 270 36 76 5
2 169 302 362 270 36 78 5
2 169 303 364 272 36 76 5
2 169 304 364 272 36 78 5
2 169 305 366 273 35 77 5
2 169 306 368 273 35 79 5
2 169 307 368 273 35 79 5
2 169 308 369 275 36 78 5
2 169 309 371 275 36 78 5
2 169 310 373 277 35 78 5
2 169 311 375 277 35 78 5
2 169 312 376 277 36 80 5
2 169 313 378 277 36 80 5
2 169 314 380 279 36 80 5
2 169 315 382 279 35 80 5
2 169 316 384 279 35 81 5
2 169 317 385 280 36 80 5
2 169 318 387 280 36 82 5
2 169 319 389 280 35 82 5
2 169 320 391 282 35 82 5
2 169 321 391 282 37 82 5
2 169 322 392 282 38 82 5
2 169 323 394 284 38 80 5
2 169 324 396 284 37 80 5
2 169 325 398 284 37 80 5
2 169 326 400 286 37 78 5
2 169 327 401 286 38 78 5
2 169 328 403 286 37 78 5
2 169 329 405 288 37 76 5
2 169 330 407 288 37 76 5
2 169 331 408 288 38 76 5
2 169 332 410 289 38 75 5
2 169 333 412 289 37 75 5
2 169 334 414 291 37 75 5
2 169 335 416 291 37 75 5
2 169 336 417 291 38 75 5
2 169 337 421 293 37 73 5
2 169 338 423 293 37 73 5
2 169 339 426 295 38 71 5
2 169 340 428 295 37 71 5
2 169 341 430 295 39 71 5
2 169 342 433 296 38 70 5
2 169 343 435 296 39 70 5
2 169 344 439 298 39 70 5
2 169 345 440 298 40 68 5
2 169 346 442 298 39 68 5
2 169 347 446 300 39 66 5
2 169 348 448 300 39 82 5
2 169 349 451 302 39 98 5
2 169 350 453 302 41 98 5
2 169 351 456 304 41 96 5
2 169 352 460 305 43 95 5
2 169 353 462 305 42 95 5
2 169 354 465 305 43 96 5
2 169 355 467 307 45 96 5
2 169 356 471 307 42 98 5
2 169 357 472 309 45 98 5
2 169 358 476 309 44 99 5
2 169 359 478 309 44 101 5
2 169 360 481 311 45 101 5
2 169 361 483 311 46 103 5
2 169 362 487 312 46 104 5
2 169 363 488 312 47 104 5
2 169 364 490 312 46 105 5
2 169 365 492 312 46 105 5
2 169 366 494 312 46 107 5
2 169 367 496 314 48 107 5
2 169 368 499 314 48 109 5
2 169 369 503 316 48 108 5
2 169 370 506 318 50 110 5
2 169 371 510 320 50 110 5
2 169 372 513 321 52 112 5
2 169 373 519 323 49 112 5
2 169 374 522 325 52 114 5
2 169 375 526 327 51 113 5
2 169 376 529 328 54 116 5
2 169 377 533 330 53 116 5
2 169 378 538 332 54 117 5
2 169 379 542 332 53 119 5
2 169 380 545 332 54 121 5
2 169 381 549 334 53 121 5
2 169 382 552 334 54 122 5
2 169 383 556 336 55 122 5
2 169 384 560 336 55 124 5
2 169 385 563 337 55 125 5
2 169 386 567 337 55 127 5
2 169 387 570 339 57 126 5
2 169 388 574 341 58 126 5
2 169 389 579 343 59 128 5
2 169 390 584 344 59 130 5
2 169 391 590 348 58 130 5
2 169 392 595 350 59 131 5
2 169 393 600 352 59 133 5
2 169 394 604 355 62 133 5
2 169 395 609 357 63 135 5
2 169 396 615 359 62 135 5
2 169 397 620 362 62 135 5
2 169 398 625 364 63 137 5
2 169 399 631 366 62 138 5
2 169 400 634 369 66 139 5
2 169 401 640 371 65 141 5
2 169 402 645 373 66 142 5
2 169 403 650 376 66 143 5
2 169 404 656 378 65 142 5
2 169 405 661 380 66 144 5
2 169 406 664 384 70 144 5
2 169 407 670 385 69 146 5
2 169 408 675 387 69 148 5
2 169 409 680 391 70 147 5
2 169 410 686 392 69 150 5
2 169 411 691 394 69 151 5
2 169 412 696 398 72 151 5
2 169 413 704 398 71 151 5
2 169 414 712 400 72 151 5
2 169 415 718 401 73 153 5
2 169 416 723 405 75 155 5
2 169 417 730 408 75 157 5
2 169 418 736 412 76 158 5
2 169 419 741 416 78 160 5
2 169 420 748 419 78 162 5
2 169 421 753 423 80 163 5
2 169 422 759 426 81 166 5
2 169 423 766 430 83 167 5
2 169 424 773 433 85 169 5
2 169 425 780 437 87 172 5
2 169 426 789 442 87 174 5
2 169 427 796 446 91 178 5
2 169 428 805 451 91 180 5
2 169 429 812 455 92 181 5
2 169 430 821 460 92 183 5
2 169 431 828 464 96 186 5
2 169 432 837 469 96 188 5
2 169 433 844 472 98 192 5
2 169 434 853 478 99 194 5
2 169 435 862 483 101 194 5
2 169 436 871 488 105 194 5
2 169 437 880 494 108 194 5
2 169 438 888 499 112 196 5
2 169 439 897 504 114 196 5
2 169 440 906 510 118 195 5
2 169 441 915 515 121 196 5
2 169 442 926 522 122 196 5
2 169 443 936 528 123 190 5
2 169 444 949 533 123 185 5
2 169 445 961 540 123 178 5
2 169 446 974 545 122 173 5
2 169 447 986 552 123 166 5
2 169 448 1000 561 125 157 5
2 169 449 1016 572 127 146 5
2 169 450 1032 581 127 137 5
2 169 451 1048 592 128 126 5
2 169 452 1064 600 128 118 5
2 169 453 1080 611 130 107 5
2 169 454 1102 620 121 98 5
2 169 455 1123 629 114 89 5
2 169 456 1144 640 105 78 5
2 169 457 1166 648 98 70 5
2 169 458 1187 659 91 59 5
2 169 459 1207 670 71 48 5
2 169 460 1246 700 32 18 5
2 169 461 1246 700 32 18 5
2 169 462 1246 700 32 18 5
2 169 463 1246 700 32 18 5
2 169 464 1246 700 32 18 5
2 169 465 1246 700 32 18 5
2 169 466 1246 700 32 18 5
2 169 467 1246 700 32 18 5
2 169 468 1246 700 32 18 5
3 542 0 277 229 69 51 2
3 542 1 277 229 69 51 2
3 542 2 277 229 69 51 2
3 542 3 277 229 69 51 2
3 542 4 277 229 69 51 2
3 542 5 277 229 69 51 2
3 542 6 277 229 69 51 2
3 542 7 277 229 69 51 2
3 542 8 277 229 69 51 2
3 542 9 277 229 69 51 2
3 542 10 277 229 69 51 2
3 542 11 277 229 69 51 2
3 542 12 277 229 69 51 2
3 542 13 277 229 69 51 2
3 542 14 277 229 69 51 2
3 542 15 277 229 69 51 2
3 542 16 277 229 69 51 2
3 542 17 277 229 69 51 2
3 542 18 277 229 69 51 2
3 542 19 277 229 69 51 2
3 542 20 277 229 69 51 2
3 542 21 277 229 69 51 2
3 542 22 277 229 69 51 2
3 542 23 277 229 69 51 2
3 542 24 277 229 69 51 2
3 542 25 277 229 69 51 2
3 542 26 277 229 69 51 2
3 542 27 277 229 69 51 2
3 542 28 277 229 69 51 2
3 542 29 277 229 69 51 2
3 542 30 277 229 69 51 2
3 542 31 277 229 69 51 2
3 542 32 277 229 69 51 2
3 542 33 277 229 69 51 2
3 542 34 277 229 69 51 2
3 542 35 277 229 69 51 2
3 542 36 277 229 69 51 2
3 542 37 277 229 69 51 2
3 542 38 277 229 69 51 2
3 542 39 277 229 69 51 2
3 542 40 277 229 69 51 2
3 542 41 277 229 69 51 2
3 542 42 277 229 69 51 2
3 542 43 277 229 69 51 2
3 542 44 277 229 69 51 2
3 542 45 277 229 69 51 2
3 542 46 277 229 69 51 2
3 542 47 277 229 69 51 2
3 542 48 277 229 69 51 2
3 542 49 277 229 69 51 2
3 542 50 277 229 69 51 2
3 542 51 277 229 69 51 2
3 542 52 277 229 69 51 2
3 542 53 277 229 69 51 2
3 542 54 277 229 69 51 2
3 542 55 277 229 69 51 2
3 542 56 277 229 69 51 2
3 542 57 277 229 69 51 2
3 542 58 277 229 69 51 2
3 542 59 277 229 69 51 2
3 542 60 277 229 69 51 2
3 542 61 277 229 69 51 2
3 542 62 277 229 69 51 2
3 542 63 277 229 69 51 2
3 542 64 277 229 69 51 2
3 542 65 277 229 69 51 2
3 542 66 277 229 69 51 2
3 542 67 277 229 69 51 2
3 542 68 277 229 69 51 2
3 542 69 277 229 69 51 2
3 542 70 277 229 69 51 2
3 542 71 277 229 69 51 2
3 542 72 277 229 69 51 2
3 542 73 277 229 69 51 2
3 542 74 277 229 69 51 2
3 542 75 277 229 69 51 2
3 542 76 277 229 69 51 2
3 542 77 277 229 69 51 2
3 542 78 277 229 69 51 2
3 542 79 277 229 69 51 2
3 542 80 277 229 69 51 2
3 542 81 277 229 69 51 2
3 542 82 277 229 69 51 2
3 542 83 277 229 69 51 2
3 542 84 277 229 69 51 2
3 542 85 277 229 69 51 2
3 542 86 277 229 69 51 2
3 542 87 277 229 69 51 2
3 542 88 277 229 69 51 2
3 542 89 277 229 69 51 2
3 542 90 277 229 69 51 2
3 542 91 277 229 69 51 2
3 542 92 277 229 69 51 2
3 542 93 277 229 69 51 2
3 542 94 277 229 69 51 2
3 542 95 277 229 69 51 2
3 542 96 277 229 69 51 2
3 542 97 277 229 69 51 2
3 542 98 277 229 69 51 2
3 542 99 277 229 69 51 2
3 542 100 277 229 69 51 2
3 542 101 277 229 69 51 2
3 542 102 277 229 69 51 2
3 542 103 277 229 69 51 2
3 542 104 277 229 69 51 2
3 542 105 277 229 69 51 2
3 542 106 277 229 69 51 2
3 542 107 277 229 69 51 2
3 542 108 277 229 69 51 2
3 542 109 277 229 69 51 2
3 542 110 277 229 69 51 2
3 542 111 277 229 69 51 2
3 542 112 277 229 69 51 2
3 542 113 277 229 69 51 2
3 542 114 277 229 69 51 2
3 542 115 277 229 69 51 2
3 542 116 277 229 69 51 2
3 542 117 277 229 69 51 2
3 542 118 277 229 69 51 2
3 542 119 277 229 69 51 2
3 542 120 277 229 69 51 2
3 542 121 277 229 69 51 2
3 542 122 277 229 69 51 2
3 542 123 277 229 69 51 2
3 542 124 277 229 69 51 2
3 542 125 277 229 69 51 2
3 542 126 277 229 69 51 2
3 542 127 277 229 69 51 2
3 542 128 277 229 69 51 2
3 542 129 277 229 69 51 2
3 542 130 277 229 69 51 2
3 542 131 277 229 69 51 2
3 542 132 277 229 69 51 2
3 542 133 277 229 69 51 2
3 542 134 277 229 69 51 2
3 542 135 277 229 69 51 2
3 542 136 277 229 69 51 2
3 542 137 277 229 69 51 2
3 542 138 277 229 69 51 2
3 542 139 277 229 69 51 2
3 542 140 277 229 69 51 2
3 542 141 277 229 69 51 2
3 542 142 277 229 69 51 2
3 542 143 277 229 69 51 2
3 542 144 277 229 69 51 2
3 542 145 277 229 69 51 2
3 542 146 277 229 69 51 2
3 542 147 277 229 69 51 2
3 542 148 277 229 69 51 2
3 542 149 277 229 69 51 2
3 542 150 277 229 69 51 2
3 542 151 277 229 69 51 2
3 542 152 277 229 69 51 2
3 542 153 277 229 69 51 2
3 542 154 277 229 69 51 2
3 542 155 277 229 69 51 2
3 542 156 277 229 69 51 2
3 542 157 277 229 69 51 2
3 542 158 277 229 69 51 2
3 542 159 277 229 69 51 2
3 542 160 277 229 69 51 2
3 542 161 277 229 69 51 2
3 542 162 277 229 69 51 2
3 542 163 277 229 69 51 2
3 542 164 277 229 69 51 2
3 542 165 277 229 69 51 2
3 542 166 277 229 69 51 2
3 542 167 277 229 69 51 2
3 542 168 277 229 69 51 2
3 542 169 277 229 69 51 2
3 542 170 277 229 69 51 2
3 542 171 277 229 69 51 2
3 542 172 277 229 69 51 2
3 542 173 277 229 69 51 2
3 542 174 277 229 69 51 2
3 542 175 277 229 69 51 2
3 542 176 277 229 69 51 2
3 542 177 277 229 69 51 2
3 542 178 277 229 69 51 2
3 542 179 277 229 69 51 2
3 542 180 277 229 69 51 2
3 542 181 277 229 69 51 2
3 542 182 277 229 69 51 2
3 542 183 277 229 69 51 2
3 542 184 277 229 69 51 2
3 542 185 277 229 69 51 2
3 542 186 277 229 69 51 2
3 542 187 277 229 69 51 2
3 542 188 277 229 69 51 2
3 542 189 277 229 69 51 2
3 542 190 277 229 69 51 2
3 542 191 277 229 69 51 2
3 542 192 277 229 69 51 2
3 542 193 277 229 69 51 2
3 542 194 277 229 69 51 2
3 542 195 277 229 69 51 2
3 542 196 277 229 69 51 2
3 542 197 277 229 69 51 2
3 542 198 277 229 69 51 2
3 542 199 277 229 69 51 2
3 542 200 277 229 69 51 2
3 542 201 277 229 69 51 2
3 542 202 277 229 69 51 2
3 542 203 277 229 69 51 2
3 542 204 277 229 69 51 2
3 542 205 277 229 69 51 2
3 542 206 277 229 69 51 2
3 542 207 277 229 69 51 2
3 542 208 277 229 69 51 2
3 542 209 277 229 69 51 2
3 542 210 277 229 69 51 2
3 542 211 277 229 69 51 2
3 542 212 277 229 69 51 2
3 542 213 277 229 69 51 2
3 542 214 277 229 69 51 2
3 542 215 277 229 69 51 2
3 542 216 277 229 69 51 2
3 542 217 277 229 69 51 2
3 542 218 277 229 69 51 2
3 542 219 277 229 69 51 2
3 542 220 277 229 69 51 2
3 542 221 277 229 69 51 2
3 542 222 277 229 69 51 2
3 542 223 277 229 69 51 2
3 542 224 277 229 69 51 2
3 542 225 277 229 69 51 2
3 542 226 277 229 69 51 2
3 542 227 277 229 69 51 2
3 542 228 277 229 69 51 2
3 542 229 277 229 69 51 2
3 542 230 277 229 69 51 2
3 542 231 277 229 69 51 2
3 542 232 277 229 69 51 2
3 542 233 277 229 69 51 2
3 542 234 277 229 69 51 2
3 542 235 277 229 69 51 2
3 542 236 277 229 69 51 2
3 542 237 277 229 69 51 2
3 542 238 277 229 69 51 2
3 542 239 277 229 69 51 2
3 542 240 277 229 69 51 2
3 542 241 277 229 69 51 2
3 542 242 277 229 69 51 2
3 542 243 277 229 69 51 2
3 542 244 277 229 69 51 2
3 542 245 277 229 69 51 2
3 542 246 277 229 69 51 2
3 542 247 277 229 69 51 2
3 542 248 277 229 69 51 2
3 542 249 277 229 69 51 2
3 542 250 277 229 69 51 2
3 542 251 277 229 69 51 2
3 542 252 277 229 69 51 2
3 542 253 277 229 69 51 2
3 542 254 277 229 69 51 2
3 542 255 277 229 69 51 2
3 542 256 277 229 69 51 2
3 542 257 277 229 69 51 2
3 542 258 277 229 69 51 2
3 542 259 277 229 69 51 2
3 542 260 277 229 69 51 2
3 542 261 277 229 69 51 2
3 542 262 277 229 69 51 2
3 542 263 277 229 69 51 2
3 542 264 277 229 69 51 2
3 542 265 277 229 69 51 2
3 542 266 277 229 69 51 2
3 542 267 277 229 69 51 2
3 542 268 277 229 69 51 2
3 542 269 277 229 69 51 2
3 542 270 277 229 69 51 2
3 542 271 277 229 69 51 2
3 542 272 277 229 69 51 2
3 542 273 277 229 69 51 2
3 542 274 277 229 69 51 2
3 542 275 277 229 69 51 2
3 542 276 277 229 69 51 2
3 542 277 277 229 69 51 2
3 542 278 277 229 69 51 2
3 542 279 277 229 69 51 2
3 542 280 277 229 69 51 2
3 542 281 277 229 69 51 2
3 542 282 277 229 69 51 2
3 542 283 277 229 69 51 2
3 542 284 277 229 69 51 2
3 542 285 277 229 69 51 2
3 542 286 277 229 69 51 2
3 542 287 277 229 69 51 2
3 542 288 277 229 69 51 2
3 542 289 277 229 69 51 2
3 542 290 277 229 69 51 2
3 542 291 277 229 69 51 2
3 542 292 277 229 69 51 2
3 542 293 277 229 69 51 2
3 542 294 277 229 69 51 2
3 542 295 277 229 69 51 2
3 542 296 277 229 69 51 2
3 542 297 277 229 69 51 2
3 542 298 277 229 69 51 2
3 542 299 277 229 69 51 2
3 542 300 277 229 69 51 2
3 542 301 275 227 71 53 2
3 542 302 275 227 71 53 2
3 542 303 275 227 71 53 2
3 542 304 275 227 71 53 2
3 542 305 275 227 71 53 2
3 542 306 275 227 71 53 2
3 542 307 275 227 71 53 2
3 542 308 275 227 71 53 2
3 542 309 275 227 71 53 2
3 542 310 275 227 71 53 2
3 542 311 275 227 71 53 2
3 542 312 275 227 71 53 2
3 542 313 275 227 71 53 2
3 542 314 275 227 71 53 2
3 542 315 275 227 71 53 2
3 542 316 275 227 71 53 2
3 542 317 275 227 71 53 2
3 542 318 275 227 71 53 2
3 542 319 275 227 71 53 2
3 542 320 275 227 71 53 2
3 542 321 275 227 71 53 2
3 542 322 275 227 71 53 2
3 542 323 275 227 71 53 2
3 542 324 275 227 71 53 2
3 542 325 275 227 71 53 2
3 542 326 275 227 71 53 2
3 542 327 275 227 71 53 2
3 542 328 275 227 71 53 2
3 542 329 275 227 71 53 2
3 542 330 275 227 71 53 2
3 542 331 275 227 71 53 2
3 542 332 275 227 71 53 2
3 542 333 275 227 71 53 2
3 542 334 275 227 71 53 2
3 542 335 275 227 71 53 2
3 542 336 275 227 71 53 2
3 542 337 275 227 71 53 2
3 542 338 275 227 71 53 2
3 542 339 275 227 71 53 2
3 542 340 275 227 71 53 2
3 542 341 275 227 71 53 2
3 542 342 275 227 71 53 2
3 542 343 275 227 71 53 2
3 542 344 275 227 71 53 2
3 542 345 275 227 71 53 2
3 542 346 275 227 71 53 2
3 542 347 275 227 71 53 2
3 542 348 275 227 71 53 2
3 542 349 275 227 71 53 2
3 542 350 275 227 71 53 2
3 542 351 275 227 71 53 2
3 542 352 275 227 71 53 2
3 542 353 275 227 71 53 2
3 542 354 275 227 71 53 2
3 542 355 275 227 71 53 2
3 542 356 275 227 71 53 2
3 542 357 275 227 71 53 2
3 542 358 275 227 71 53 2
3 542 359 275 227 71 53 2
3 542 360 275 227 71 53 2
3 542 361 275 227 71 53 2
3 542 362 275 227 71 53 2
3 542 363 275 227 71 53 2
3 542 364 275 227 71 53 2
3 542 365 275 227 71 53 2
3 542 366 275 227 71 53 2
3 542 367 275 227 71 53 2
3 542 368 275 227 71 53 2
3 542 369 275 227 71 53 2
3 542 370 275 227 71 53 2
3 542 371 275 227 71 53 2
3 542 372 275 227 71 53 2
3 542 373 275 227 71 53 2
3 542 374 275 227 71 53 2
3 542 375 275 227 71 53 2
3 542 376 275 227 71 53 2
3 542 377 275 227 71 53 2
3 542 378 275 227 71 53 2
3 542 379 275 227 71 53 2
3 542 380 275 227 71 53 2
3 542 381 275 227 73 53 2
3 542 382 275 227 73 53 2
3 542 383 275 227 73 53 2
3 542 384 275 227 73 53 2
3 542 385 275 227 73 53 2
3 542 386 275 227 73 53 2
3 542 387 275 227 73 53 2
3 542 388 275 227 73 53 2
3 542 389 275 227 73 53 2
3 542 390 275 227 73 53 2
3 542 391 275 227 73 53 2
3 542 392 275 227 73 53 2
3 542 393 275 227 73 53 2
3 542 394 275 227 73 53 2
3 542 395 275 227 73 53 2
3 542 396 275 227 73 53 2
3 542 397 275 227 73 53 2
3 542 398 275 227 73 53 2
3 542 399 275 227 73 53 2
3 542 400 275 227 73 53 2
3 542 401 275 227 73 53 2
3 542 402 275 227 73 53 2
3 542 403 275 227 73 53 2
3 542 404 275 227 73 53 2
3 542 405 275 227 73 53 2
3 542 406 275 227 73 53 2
3 542 407 275 227 73 53 2
3 542 408 275 227 73 53 2
3 542 409 275 227 73 53 2
3 542 410 275 227 73 53 2
3 542 411 275 227 73 53 2
3 542 412 275 227 73 53 2
3 542 413 275 227 73 53 2
3 542 414 275 227 73 53 2
3 542 415 275 227 73 53 2
3 542 416 275 227 73 53 2
3 542 417 275 227 73 53 2
3 542 418 275 227 73 53 2
3 542 419 275 227 73 53 2
3 542 420 275 227 73 53 2
3 542 421 275 225 73 55 2
3 542 422 275 225 73 55 2
3 542 423 275 225 73 55 2
3 542 424 275 225 73 55 2
3 542 425 275 225 73 55 2
3 542 426 275 225 73 55 2
3 542 427 275 225 73 55 2
3 542 428 275 225 73 55 2
3 542 429 275 225 73 55 2
3 542 430 275 225 73 55 2
3 542 431 275 225 73 55 2
3 542 432 275 225 73 55 2
3 542 433 275 225 73 55 2
3 542 434 275 225 73 55 2
3 542 435 275 225 73 55 2
3 542 436 275 225 73 55 2
3 542 437 275 225 73 55 2
3 542 438 275 225 73 55 2
3 542 439 275 225 73 55 2
3 542 440 275 225 73 55 2
3 542 441 275 225 73 55 2
3 542 442 275 225 73 55 2
3 542 443 275 225 73 55 2
3 542 444 275 225 73 55 2
3 542 445 275 225 73 55 2
3 542 446 275 225 73 55 2
3 542 447 275 225 73 55 2
3 542 448 275 225 73 55 2
3 542 449 275 225 73 55 2
3 542 450 275 225 73 55 2
3 542 451 275 225 73 55 2
3 542 452 275 225 73 55 2
3 542 453 275 225 73 55 2
3 542 454 275 225 73 55 2
3 542 455 275 225 73 55 2
3 542 456 275 225 73 55 2
3 542 457 275 225 73 55 2
3 542 458 275 225 73 55 2
3 542 459 275 225 73 55 2
3 542 460 275 225 73 55 2
3 542 461 275 225 75 55 2
3 542 462 275 225 75 55 2
3 542 463 275 225 75 55 2
3 542 464 275 225 75 55 2
3 542 465 275 225 75 55 2
3 542 466 275 225 75 55 2
3 542 467 275 225 75 55 2
3 542 468 275 225 75 55 2
3 542 469 275 225 75 55 2
3 542 470 275 225 75 55 2
3 542 471 275 225 75 55 2
3 542 472 275 225 75 55 2
3 542 473 275 225 75 55 2
3 542 474 275 225 75 55 2
3 542 475 275 225 75 55 2
3 542 476 275 225 75 55 2
3 542 477 275 225 75 55 2
3 542 478 275 225 75 55 2
3 542 479 275 225 75 55 2
3 542 480 275 225 75 55 2
3 542 481 275 225 75 55 2
3 542 482 275 225 75 55 2
3 542 483 275 225 75 55 2
3 542 484 275 225 75 55 2
3 542 485 275 225 75 55 2
3 542 486 275 225 75 55 2
3 542 487 275 225 75 55 2
3 542 488 275 225 75 55 2
3 542 489 275 225 75 55 2
3 542 490 275 225 75 55 2
3 542 491 275 225 75 55 2
3 542 492 275 225 75 55 2
3 542 493 275 225 75 55 2
3 542 494 275 225 75 55 2
3 542 495 275 225 75 55 2
3 542 496 275 225 75 55 2
3 542 497 275 225 75 55 2
3 542 498 275 225 75 55 2
3 542 499 275 225 75 55 2
3 542 500 275 225 75 55 2
3 542 501 275 225 75 55 2
3 542 502 275 225 75 55 2
3 542 503 275 225 75 55 2
3 542 504 275 225 75 55 2
3 542 505 275 225 75 55 2
3 542 506 275 225 75 55 2
3 542 507 275 225 75 55 2
3 542 508 275 225 75 55 2
3 542 509 275 225 75 55 2
3 542 510 275 225 75 55 2
3 542 511 275 225 75 55 2
3 542 512 275 225 75 55 2
3 542 513 275 225 75 55 2
3 542 514 275 225 75 55 2
3 542 515 275 225 75 55 2
3 542 516 275 225 75 55 2
3 542 517 275 225 75 55 2
3 542 518 275 225 75 55 2
3 542 519 275 225 75 55 2
3 542 520 275 225 75 55 2
3 542 521 275 225 75 55 2
3 542 522 275 225 75 55 2
3 542 523 275 225 75 55 2
3 542 524 275 225 75 55 2
3 542 525 275 225 75 55 2
3 542 526 275 225 75 55 2
3 542 527 275 225 75 55 2
3 542 528 275 225 75 55 2
3 542 529 275 225 75 55 2
3 542 530 275 225 75 55 2
3 542 531 275 225 75 55 2
3 542 532 275 225 75 55 2
3 542 533 275 225 75 55 2
3 542 534 275 225 75 55 2
3 542 535 275 225 75 55 2
3 542 536 275 225 75 55 2
3 542 537 275 225 75 55 2
3 542 538 275 225 75 55 2
3 542 539 275 225 75 55 2
3 542 540 275 225 75 55 2
3 542 541 275 225 77 57 2
4 125 300 234 229 13 25 1
4 125 301 234 229 13 25 1
4 125 302 234 229 13 25 1
4 125 303 234 229 13 25 1
4 125 304 234 229 13 25 1
4 125 305 234 229 13 25 1
4 125 306 234 229 13 25 1
4 125 307 236 229 12 25 1
4 125 308 236 229 12 25 1
4 125 309 236 229 12 25 1
4 125 310 236 229 12 25 1
4 125 311 236 229 12 25 1
4 125 312 236 229 12 25 1
4 125 313 238 229 12 25 1
4 125 314 238 229 12 25 1
4 125 315 238 229 12 25 1
4 125 316 238 229 12 25 1
4 125 317 238 229 12 25 1
4 125 318 238 229 12 25 1
4 125 319 238 229 12 25 1
4 125 320 240 229 12 25 1
4 125 321 240 229 12 25 1
4 125 322 240 229 12 25 1
4 125 323 240 229 12 25 1
4 125 324 240 229 12 25 1
4 125 325 240 229 12 25 1
4 125 326 241 229 13 25 1
4 125 327 241 229 13 25 1
4 125 328 241 229 13 25 1
4 125 329 241 229 13 25 1
4 125 330 241 229 13 25 1
4 125 331 241 229 13 25 1
4 125 332 241 229 13 25 1
4 125 333 243 229 13 25 1
4 125 334 243 229 13 25 1
4 125 335 243 229 13 25 1
4 125 336 243 229 13 25 1
4 125 337 243 229 13 25 1
4 125 338 243 229 13 25 1
4 125 339 245 229 12 25 1
4 125 340 245 229 12 25 1
4 125 341 245 229 12 25 1
4 125 342 245 229 12 25 1
4 125 343 245 229 12 25 1
4 125 344 245 229 12 25 1
4 125 345 247 229 12 25 1
4 125 346 247 227 12 25 1
4 125 347 247 227 12 25 1
4 125 348 247 227 12 25 1
4 125 349 247 227 12 25 1
4 125 350 247 227 12 25 1
4 125 351 247 227 12 25 1
4 125 352 247 227 12 25 1
4 125 353 247 227 12 25 1
4 125 354 247 227 12 25 1
4 125 355 247 227 12 25 1
4 125 356 247 227 12 25 1
4 125 357 247 227 12 25 1
4 125 358 247 227 12 25 1
4 125 359 248 227 13 25 1
4 125 360 248 227 13 25 1
4 125 361 248 227 13 25 1
4 125 362 248 227 13 25 1
4 125 363 248 227 13 25 1
4 125 364 248 227 13 25 1
4 125 365 248 227 13 25 1
4 125 366 248 227 13 25 1
4 125 367 248 227 13 25 1
4 125 368 248 227 13 25 1
4 125 369 248 227 13 25 1
4 125 370 248 227 13 25 1
4 125 371 248 227 13 25 1
4 125 372 250 227 13 25 1
4 125 373 250 225 13 25 1
4 125 374 250 225 13 25 1
4 125 375 250 225 13 25 1
4 125 376 250 225 13 25 1
4 125 377 250 225 14 25 1
4 125 378 250 225 14 25 1
4 125 379 250 225 14 25 1
4 125 380 250 225 14 25 1
4 125 381 250 225 14 25 1
4 125 382 250 225 16 25 1
4 125 383 250 225 16 25 1
4 125 384 250 225 16 25 1
4 125 385 250 224 16 24 1
4 125 386 250 224 16 24 1
4 125 387 250 224 18 24 1
4 125 388 250 224 18 24 1
4 125 389 250 224 18 24 1
4 125 390 250 224 18 24 1
4 125 391 252 224 18 24 1
4 125 392 252 224 18 24 1
4 125 393 252 224 18 24 1
4 125 394 252 224 18 24 1
4 125 395 252 224 18 24 1
4 125 396 252 224 20 24 1
4 125 397 252 224 20 24 1
4 125 398 252 222 20 25 1
4 125 399 252 222 20 25 1
4 125 400 252 222 20 25 1
4 125 401 252 222 21 25 1
4 125 402 252 222 21 25 1
4 125 403 252 222 21 25 1
4 125 404 252 222 21 25 1
4 125 405 252 222 21 25 1
4 125 406 252 222 23 25 1
4 125 407 252 222 23 25 1
4 125 408 252 222 23 25 1
4 125 409 252 222 23 25 1
4 125 410 254 222 23 25 1
4 125 411 254 222 23 25 1
4 125 412 254 222 23 25 1
4 125 413 254 222 23 25 1
4 125 414 254 222 23 25 1
4 125 415 254 222 23 25 1
4 125 416 254 222 23 25 1
4 125 417 254 222 23 25 1
4 125 418 254 222 23 25 1
4 125 419 254 222 23 25 1
4 125 420 254 222 23 25 1
4 125 421 254 222 23 25 1
4 125 422 254 222 23 25 1
4 125 423 254 222 23 25 1
4 125 424 254 222 23 25 1
5 242 300 238 224 16 35 1
5 242 301 236 224 16 35 1
5 242 302 236 224 16 35 1
5 242 303 236 224 16 35 1
5 242 304 236 224 16 35 1
5 242 305 236 224 16 35 1
5 242 306 236 224 16 35 1
5 242 307 236 224 16 35 1
5 242 308 236 224 16 35 1
5 242 309 236 224 16 35 1
5 242 310 236 224 16 35 1
5 242 311 236 224 16 35 1
5 242 312 236 224 16 35 1
5 242 313 236 224 16 35 1
5 242 314 236 224 16 35 1
5 242 315 236 224 16 35 1
5 242 316 236 224 16 35 1
5 242 317 236 224 16 35 1
5 242 318 236 224 16 35 1
5 242 319 236 224 16 35 1
5 242 320 236 224 16 35 1
5 242 321 236 224 16 35 1
5 242 322 236 224 16 35 1
5 242 323 236 224 16 35 1
5 242 324 234 224 16 35 1
5 242 325 234 224 16 35 1
5 242 326 234 224 16 35 1
5 242 327 234 224 16 35 1
5 242 328 234 224 16 35 1
5 242 329 234 224 16 35 1
5 242 330 234 224 16 35 1
5 242 331 234 224 16 35 1
5 242 332 234 224 16 35 1
5 242 333 234 224 16 35 1
5 242 334 234 224 16 35 1
5 242 335 234 224 16 35 1
5 242 336 234 224 16 35 1
5 242 337 234 224 16 35 1
5 242 338 234 224 16 35 1
5 242 339 234 224 16 35 1
5 242 340 234 224 16 35 1
5 242 341 234 224 16 35 1
5 242 342 234 224 16 35 1
5 242 343 234 224 16 35 1
5 242 344 234 224 16 35 1
5 242 345 234 224 16 35 1
5 242 346 234 224 16 35 1
5 242 347 234 224 16 35 1
5 242 348 234 224 16 35 1
5 242 349 234 224 16 35 1
5 242 350 234 224 16 35 1
5 242 351 234 224 16 35 1
5 242 352 234 224 16 35 1
5 242 353 234 224 16 35 1
5 242 354 234 224 16 35 1
5 242 355 232 224 16 35 1
5 242 356 232 224 16 35 1
5 242 357 232 224 16 35 1
5 242 358 232 224 16 35 1
5 242 359 232 224 16 35 1
5 242 360 232 224 16 35 1
5 242 361 232 224 16 35 1
5 242 362 232 224 16 35 1
5 242 363 232 224 16 35 1
5 242 364 232 224 16 35 1
5 242 365 232 224 16 35 1
5 242 366 232 224 16 35 1
5 242 367 232 224 16 35 1
5 242 368 232 224 16 35 1
5 242 369 232 224 16 35 1
5 242 370 232 224 16 35 1
5 242 371 232 224 16 35 1
5 242 372 232 224 16 35 1
5 242 373 232 224 16 35 1
5 242 374 232 224 16 35 1
5 242 375 232 224 16 35 1
5 242 376 232 224 16 35 1
5 242 377 232 224 16 35 1
5 242 378 232 224 16 35 1
5 242 379 232 224 16 35 1
5 242 380 232 224 16 35 1
5 242 381 232 224 16 35 1
5 242 382 232 224 16 35 1
5 242 383 232 224 16 35 1
5 242 384 232 224 16 35 1
5 242 385 232 224 16 35 1
5 242 386 231 224 16 35 1
5 242 387 231 224 16 35 1
5 242 388 231 224 16 35 1
5 242 389 231 224 16 35 1
5 242 390 231 224 16 35 1
5 242 391 231 224 16 35 1
5 242 392 231 224 16 35 1
5 242 393 231 224 16 35 1
5 242 394 231 224 16 35 1
5 242 395 231 224 16 35 1
5 242 396 231 224 16 35 1
5 242 397 231 224 16 35 1
5 242 398 231 224 16 35 1
5 242 399 231 224 16 35 1
5 242 400 231 224 16 35 1
5 242 401 231 224 16 35 1
5 242 402 231 224 16 35 1
5 242 403 231 224 16 35 1
5 242 404 231 224 16 35 1
5 242 405 231 224 16 35 1
5 242 406 231 224 16 35 1
5 242 407 231 224 16 35 1
5 242 408 231 224 16 35 1
5 242 409 231 224 16 35 1
5 242 410 231 224 16 35 1
5 242 411 231 224 16 35 1
5 242 412 231 224 16 35 1
5 242 413 231 224 16 35 1
5 242 414 231 224 16 35 1
5 242 415 231 224 16 35 1
5 242 416 231 224 16 35 1
5 242 417 231 224 16 35 1
5 242 418 229 224 16 35 1
5 242 419 229 224 16 35 1
5 242 420 229 224 16 35 1
5 242 421 229 224 16 35 1
5 242 422 229 224 16 35 1
5 242 423 229 224 16 35 1
5 242 424 229 224 16 35 1
5 242 425 229 224 16 35 1
5 242 426 229 224 16 35 1
5 242 427 229 224 16 35 1
5 242 428 229 224 16 35 1
5 242 429 229 224 16 35 1
5 242 430 229 224 16 35 1
5 242 431 229 224 16 35 1
5 242 432 229 224 16 35 1
5 242 433 227 225 16 34 1
5 242 434 227 225 16 34 1
5 242 435 227 225 16 34 1
5 242 436 227 225 16 34 1
5 242 437 227 225 16 34 1
5 242 438 227 225 16 34 1
5 242 439 227 225 16 34 1
5 242 440 227 225 16 34 1
5 242 441 227 225 16 34 1
5 242 442 227 225 16 34 1
5 242 443 227 225 16 34 1
5 242 444 227 225 16 34 1
5 242 445 227 225 16 34 1
5 242 446 227 225 16 34 1
5 242 447 227 225 16 34 1
5 242 448 225 227 16 32 1
5 242 449 225 227 16 32 1
5 242 450 225 227 16 32 1
5 242 451 225 227 16 32 1
5 242 452 225 227 16 32 1
5 242 453 225 227 16 32 1
5 242 454 225 227 16 32 1
5 242 455 225 227 16 32 1
5 242 456 225 227 16 32 1
5 242 457 225 227 16 32 1
5 242 458 225 227 16 32 1
5 242 459 225 227 16 32 1
5 242 460 225 227 16 32 1
5 242 461 225 227 16 32 1
5 242 462 225 227 16 32 1
5 242 463 225 227 16 32 1
5 242 464 224 229 16 30 1
5 242 465 224 229 16 30 1
5 242 466 224 229 16 30 1
5 242 467 224 229 16 30 1
5 242 468 224 229 16 30 1
5 242 469 224 229 16 30 1
5 242 470 224 229 16 30 1
5 242 471 224 229 16 30 1
5 242 472 224 229 16 30 1
5 242 473 224 229 16 30 1
5 242 474 224 229 16 30 1
5 242 475 224 229 16 30 1
5 242 476 224 229 16 30 1
5 242 477 224 229 16 30 1
5 242 478 224 229 16 30 1
5 242 479 222 231 16 28 1
5 242 480 222 231 16 28 1
5 242 481 222 231 16 28 1
5 242 482 222 231 16 28 1
5 242 483 222 231 16 28 1
5 242 484 222 231 16 28 1
5 242 485 222 231 16 28 1
5 242 486 222 231 16 28 1
5 242 487 222 231 16 28 1
5 242 488 222 231 16 28 1
5 242 489 222 231 16 28 1
5 242 490 222 231 16 28 1
5 242 491 222 231 16 28 1
5 242 492 222 231 16 28 1
5 242 493 222 231 16 28 1
5 242 494 222 232 16 29 1
5 242 495 220 231 16 28 1
5 242 496 220 231 16 28 1
5 242 497 220 231 16 28 1
5 242 498 220 231 16 28 1
5 242 499 220 231 16 28 1
5 242 500 220 231 16 28 1
5 242 501 220 231 16 28 1
5 242 502 220 231 16 28 1
5 242 503 220 231 16 28 1
5 242 504 220 231 16 28 1
5 242 505 220 231 16 28 1
5 242 506 220 231 16 28 1
5 242 507 220 231 16 28 1
5 242 508 220 231 16 28 1
5 242 509 220 231 16 28 1
5 242 510 218 231 16 28 1
5 242 511 218 231 16 28 1
5 242 512 218 231 16 28 1
5 242 513 218 231 16 28 1
5 242 514 218 231 16 28 1
5 242 515 218 231 16 28 1
5 242 516 218 231 16 28 1
5 242 517 218 231 16 28 1
5 242 518 218 231 16 28 1
5 242 519 218 231 16 28 1
5 242 520 218 231 16 28 1
5 242 521 218 231 16 28 1
5 242 522 218 231 16 28 1
5 242 523 218 231 16 28 1
5 242 524 218 231 16 28 1
5 242 525 218 231 16 28 1
5 242 526 216 231 16 28 1
5 242 527 216 231 16 28 1
5 242 528 216 231 16 28 1
5 242 529 216 231 16 28 1
5 242 530 216 231 16 28 1
5 242 531 216 231 16 28 1
5 242 532 216 231 16 28 1
5 242 533 216 231 16 28 1
5 242 534 216 231 16 28 1
5 242 535 216 231 16 28 1
5 242 536 216 231 16 28 1
5 242 537 216 231 16 28 1
5 242 538 216 231 16 28 1
5 242 539 216 231 16 28 1
5 242 540 216 231 16 28 1
5 242 541 216 231 16 28 1
6 242 300 216 227 15 27 1
6 242 301 215 227 14 27 1
6 242 302 215 227 14 27 1
6 242 303 215 227 14 27 1
6 242 304 215 227 14 27 1
6 242 305 215 227 14 27 1
6 242 306 215 227 14 27 1
6 242 307 215 227 14 27 1
6 242 308 215 227 14 27 1
6 242 309 215 227 14 27 1
6 242 310 215 227 14 27 1
6 242 311 215 227 14 27 1
6 242 312 215 227 14 27 1
6 242 313 215 227 14 27 1
6 242 314 215 227 14 27 1
6 242 315 215 227 14 27 1
6 242 316 215 227 14 27 1
6 242 317 215 227 14 27 1
6 242 318 215 227 14 27 1
6 242 319 215 227 14 27 1
6 242 320 215 227 14 27 1
6 242 321 215 227 14 27 1
6 242 322 215 227 14 27 1
6 242 323 215 227 14 27 1
6 242 324 215 227 14 27 1
6 242 325 215 227 14 27 1
6 242 326 215 227 14 27 1
6 242 327 215 227 14 27 1
6 242 328 215 227 14 27 1
6 242 329 215 227 14 27 1
6 242 330 215 227 14 27 1
6 242 331 215 227 14 27 1
6 242 332 215 227 14 27 1
6 242 333 215 227 14 27 1
6 242 334 215 227 14 27 1
6 242 335 215 227 14 27 1
6 242 336 215 227 14 27 1
6 242 337 215 227 14 27 1
6 242 338 215 227 14 27 1
6 242 339 215 227 14 27 1
6 242 340 215 227 14 27 1
6 242 341 215 227 14 27 1
6 242 342 215 227 14 27 1
6 242 343 215 227 14 27 1
6 242 344 215 227 14 27 1
6 242 345 215 227 14 27 1
6 242 346 215 227 14 27 1
6 242 347 213 227 14 27 1
6 242 348 213 227 14 27 1
6 242 349 213 227 14 27 1
6 242 350 213 227 14 27 1
6 242 351 213 227 14 27 1
6 242 352 213 227 14 27 1
6 242 353 213 227 14 27 1
6 242 354 213 227 14 27 1
6 242 355 213 227 14 27 1
6 242 356 213 227 14 27 1
6 242 357 213 227 14 27 1
6 242 358 213 227 14 27 1
6 242 359 213 227 14 27 1
6 242 360 213 227 14 27 1
6 242 361 213 227 14 27 1
6 242 362 213 227 14 27 1
6 242 363 213 227 14 27 1
6 242 364 213 227 14 27 1
6 242 365 213 227 14 27 1
6 242 366 213 227 14 27 1
6 242 367 213 227 14 27 1
6 242 368 213 227 14 27 1
6 242 369 213 227 14 27 1
6 242 370 213 227 14 27 1
6 242 371 213 227 14 27 1
6 242 372 213 227 14 27 1
6 242 373 213 227 14 27 1
6 242 374 213 227 14 27 1
6 242 375 213 227 14 27 1
6 242 376 213 227 14 27 1
6 242 377 213 227 14 27 1
6 242 378 213 227 14 27 1
6 242 379 213 227 14 27 1
6 242 380 213 227 14 27 1
6 242 381 213 227 14 27 1
6 242 382 213 227 14 27 1
6 242 383 213 227 14 27 1
6 242 384 213 227 14 27 1
6 242 385 213 227 14 27 1
6 242 386 213 227 14 27 1
6 242 387 213 227 14 27 1
6 242 388 213 227 14 27 1
6 242 389 213 227 14 27 1
6 242 390 213 227 14 27 1
6 242 391 213 227 14 27 1
6 242 392 213 227 14 27 1
6 242 393 211 227 14 27 1
6 242 394 211 227 14 27 1
6 242 395 211 227 14 27 1
6 242 396 211 227 14 27 1
6 242 397 211 227 14 27 1
6 242 398 211 227 14 27 1
6 242 399 211 227 14 27 1
6 242 400 211 227 14 27 1
6 242 401 211 227 14 27 1
6 242 402 211 227 14 27 1
6 242 403 211 227 14 27 1
6 242 404 211 227 14 27 1
6 242 405 211 227 14 27 1
6 242 406 211 227 14 27 1
6 242 407 211 227 14 27 1
6 242 408 211 227 14 27 1
6 242 409 211 227 14 27 1
6 242 410 211 227 14 27 1
6 242 411 211 227 14 27 1
6 242 412 211 227 14 27 1
6 242 413 211 227 14 27 1
6 242 414 211 227 14 27 1
6 242 415 211 227 14 27 1
6 242 416 211 227 14 27 1
6 242 417 211 227 14 27 1
6 242 418 211 227 14 27 1
6 242 419 211 227 14 27 1
6 242 420 211 227 14 27 1
6 242 421 211 227 14 27 1
6 242 422 211 227 14 27 1
6 242 423 211 227 14 27 1
6 242 424 211 227 14 27 1
6 242 425 211 227 14 27 1
6 242 426 211 227 14 27 1
6 242 427 211 227 14 27 1
6 242 428 211 227 14 27 1
6 242 429 211 227 14 27 1
6 242 430 211 227 14 27 1
6 242 431 211 227 14 27 1
6 242 432 211 227 14 27 1
6 242 433 211 227 14 27 1
6 242 434 211 227 14 27 1
6 242 435 211 227 14 27 1
6 242 436 211 227 14 27 1
6 242 437 211 227 14 27 1
6 242 438 211 229 14 27 1
6 242 439 211 229 14 27 1
6 242 440 211 229 14 27 1
6 242 441 211 229 14 27 1
6 242 442 211 229 14 27 1
6 242 443 211 229 14 27 1
6 242 444 211 229 14 27 1
6 242 445 211 229 14 27 1
6 242 446 211 229 14 27 1
6 242 447 211 229 14 27 1
6 242 448 211 229 14 27 1
6 242 449 211 229 14 27 1
6 242 450 211 229 14 27 1
6 242 451 211 229 14 27 1
6 242 452 211 229 14 27 1
6 242 453 211 229 14 27 1
6 242 454 211 229 14 27 1
6 242 455 211 229 14 27 1
6 242 456 211 229 14 27 1
6 242 457 211 229 14 27 1
6 242 458 211 229 14 27 1
6 242 459 211 229 14 27 1
6 242 460 211 229 14 27 1
6 242 461 211 229 14 27 1
6 242 462 211 229 14 27 1
6 242 463 211 229 14 27 1
6 242 464 211 229 14 27 1
6 242 465 211 229 14 27 1
6 242 466 211 229 14 27 1
6 242 467 211 229 14 27 1
6 242 468 211 229 14 27 1
6 242 469 211 229 14 27 1
6 242 470 211 229 14 27 1
6 242 471 211 229 14 27 1
6 242 472 211 229 14 27 1
6 242 473 211 229 14 27 1
6 242 474 211 229 14 27 1
6 242 475 211 229 14 27 1
6 242 476 211 229 14 27 1
6 242 477 211 229 14 27 1
6 242 478 211 229 14 27 1
6 242 479 211 229 14 27 1
6 242 480 211 229 14 27 1
6 242 481 211 229 14 27 1
6 242 482 211 229 14 27 1
6 242 483 211 229 14 27 1
6 242 484 211 229 14 27 1
6 242 485 211 229 14 27 1
6 242 486 211 229 14 27 1
6 242 487 211 229 14 27 1
6 242 488 211 229 14 27 1
6 242 489 211 229 14 27 1
6 242 490 211 229 14 27 1
6 242 491 211 229 14 27 1
6 242 492 211 229 14 27 1
6 242 493 211 229 14 27 1
6 242 494 211 229 14 27 1
6 242 495 211 229 14 27 1
6 242 496 211 229 14 27 1
6 242 497 211 229 14 27 1
6 242 498 211 229 14 27 1
6 242 499 211 229 14 27 1
6 242 500 211 229 14 27 1
6 242 501 211 229 14 27 1
6 242 502 211 229 14 27 1
6 242 503 211 229 14 27 1
6 242 504 211 229 14 27 1
6 242 505 211 229 14 27 1
6 242 506 211 229 14 27 1
6 242 507 211 229 14 27 1
6 242 508 211 229 14 27 1
6 242 509 211 229 14 27 1
6 242 510 211 229 14 27 1
6 242 511 211 229 14 27 1
6 242 512 211 229 14 27 1
6 242 513 211 229 14 27 1
6 242 514 211 229 14 27 1
6 242 515 211 229 14 27 1
6 242 516 211 229 14 27 1
6 242 517 211 229 14 27 1
6 242 518 211 229 14 27 1
6 242 519 211 229 14 27 1
6 242 520 211 229 14 27 1
6 242 521 211 229 14 27 1
6 242 522 211 229 14 27 1
6 242 523 211 229 14 27 1
6 242 524 211 229 14 27 1
6 242 525 211 229 14 27 1
6 242 526 211 229 14 27 1
6 242 527 211 229 14 27 1
6 242 528 211 229 14 27 1
6 242 529 211 229 14 27 1
6 242 530 211 229 14 27 1
6 242 531 211 229 14 27 1
6 242 532 211 229 14 27 1
6 242 533 211 229 14 27 1
6 242 534 211 229 14 27 1
6 242 535 211 229 14 27 1
6 242 536 211 229 14 27 1
6 242 537 211 229 14 27 1
6 242 538 211 229 14 27 1
6 242 539 211 229 14 27 1
6 242 540 211 229 14 27 1
6 242 541 211 229 14 27 1
7 242 300 204 225 18 29 1
7 242 301 202 225 18 29 1
7 242 302 202 225 18 29 1
7 242 303 202 225 18 29 1
7 242 304 202 225 18 29 1
7 242 305 202 225 18 29 1
7 242 306 202 225 18 29 1
7 242 307 200 225 18 29 1
7 242 308 200 225 18 29 1
7 242 309 200 225 18 29 1
7 242 310 200 227 18 29 1
7 242 311 200 227 18 29 1
7 242 312 200 227 18 29 1
7 242 313 200 227 18 29 1
7 242 314 199 227 17 29 1
7 242 315 199 227 17 29 1
7 242 316 199 227 17 29 1
7 242 317 199 227 17 29 1
7 242 318 199 227 17 29 1
7 242 319 199 227 17 29 1
7 242 320 199 229 17 28 1
7 242 321 197 229 18 28 1
7 242 322 197 229 18 28 1
7 242 323 197 229 18 28 1
7 242 324 197 229 18 28 1
7 242 325 197 229 18 28 1
7 242 326 197 229 18 28 1
7 242 327 197 229 18 28 1
7 242 328 197 229 18 28 1
7 242 329 197 229 18 28 1
7 242 330 197 229 18 28 1
7 242 331 197 229 18 28 1
7 242 332 197 229 18 28 1
7 242 333 197 229 18 28 1
7 242 334 197 229 18 28 1
7 242 335 197 229 18 28 1
7 242 336 197 229 18 28 1
7 242 337 197 229 18 28 1
7 242 338 197 229 18 28 1
7 242 339 197 229 18 28 1
7 242 340 197 229 18 28 1
7 242 341 197 229 18 28 1
7 242 342 197 229 18 28 1
7 242 343 197 229 18 28 1
7 242 344 197 229 18 28 1
7 242 345 197 229 18 28 1
7 242 346 197 229 18 28 1
7 242 347 197 229 18 28 1
7 242 348 197 229 18 28 1
7 242 349 197 229 18 28 1
7 242 350 197 229 18 28 1
7 242 351 195 229 18 28 1
7 242 352 195 229 18 28 1
7 242 353 195 229 18 28 1
7 242 354 195 229 18 28 1
7 242 355 195 229 18 28 1
7 242 356 195 229 18 28 1
7 242 357 195 229 18 28 1
7 242 358 195 229 18 28 1
7 242 359 195 229 18 28 1
7 242 360 195 229 18 28 1
7 242 361 195 229 18 28 1
7 242 362 195 229 18 28 1
7 242 363 195 229 18 28 1
7 242 364 195 229 18 28 1
7 242 365 195 229 18 28 1
7 242 366 195 229 18 28 1
7 242 367 195 229 18 28 1
7 242 368 195 229 18 28 1
7 242 369 195 229 18 28 1
7 242 370 195 229 18 28 1
7 242 371 195 229 18 28 1
7 242 372 195 229 18 28 1
7 242 373 195 229 18 28 1
7 242 374 195 229 18 28 1
7 242 375 195 229 18 28 1
7 242 376 195 229 18 28 1
7 242 377 195 229 18 28 1
7 242 378 195 229 18 28 1
7 242 379 195 229 18 28 1
7 242 380 195 229 18 28 1
7 242 381 195 229 18 28 1
7 242 382 193 229 18 28 1
7 242 383 193 229 18 28 1
7 242 384 193 229 18 28 1
7 242 385 193 229 18 28 1
7 242 386 193 229 18 28 1
7 242 387 193 229 18 28 1
7 242 388 193 229 18 28 1
7 242 389 193 229 18 28 1
7 242 390 193 229 18 28 1
7 242 391 193 229 18 28 1
7 242 392 193 229 18 28 1
7 242 393 193 229 18 28 1
7 242 394 193 229 18 28 1
7 242 395 193 229 18 28 1
7 242 396 193 229 18 28 1
7 242 397 193 229 18 28 1
7 242 398 193 229 18 28 1
7 242 399 193 229 18 28 1
7 242 400 193 229 18 28 1
7 242 401 193 229 18 28 1
7 242 402 193 229 18 28 1
7 242 403 193 229 18 28 1
7 242 404 193 229 18 28 1
7 242 405 193 229 18 28 1
7 242 406 193 229 18 28 1
7 242 407 193 229 18 28 1
7 242 408 193 229 18 28 1
7 242 409 193 229 18 28 1
7 242 410 193 229 18 28 1
7 242 411 193 229 18 28 1
7 242 412 193 229 18 28 1
7 242 413 193 229 18 28 1
7 242 414 193 229 18 28 1
7 242 415 193 229 18 28 1
7 242 416 193 229 18 28 1
7 242 417 193 229 18 28 1
7 242 418 193 229 18 28 1
7 242 419 193 229 18 28 1
7 242 420 193 229 18 28 1
7 242 421 193 229 18 28 1
7 242 422 193 229 18 28 1
7 242 423 193 229 18 28 1
7 242 424 193 229 18 28 1
7 242 425 193 229 18 28 1
7 242 426 193 229 18 28 1
7 242 427 193 229 18 28 1
7 242 428 193 229 18 28 1
7 242 429 193 229 18 28 1
7 242 430 193 229 18 28 1
7 242 431 193 229 18 28 1
7 242 432 193 229 18 28 1
7 242 433 193 229 18 28 1
7 242 434 193 229 18 28 1
7 242 435 193 229 18 28 1
7 242 436 193 229 18 28 1
7 242 437 193 229 18 28 1
7 242 438 193 229 18 28 1
7 242 439 193 229 18 28 1
7 242 440 193 229 18 28 1
7 242 441 193 229 18 28 1
7 242 442 193 229 18 28 1
7 242 443 193 229 18 28 1
7 242 444 193 229 18 28 1
7 242 445 193 229 18 28 1
7 242 446 193 229 18 28 1
7 242 447 193 229 18 28 1
7 242 448 193 229 18 28 1
7 242 449 193 229 18 28 1
7 242 450 193 229 18 28 1
7 242 451 193 229 18 28 1
7 242 452 193 229 18 28 1
7 242 453 193 229 18 28 1
7 242 454 193 229 18 28 1
7 242 455 193 229 18 28 1
7 242 456 193 229 18 28 1
7 242 457 193 229 18 28 1
7 242 458 193 229 18 28 1
7 242 459 193 229 18 28 1
7 242 460 193 229 18 28 1
7 242 461 193 229 18 28 1
7 242 462 193 229 18 28 1
7 242 463 193 229 18 28 1
7 242 464 193 229 18 28 1
7 242 465 193 229 18 28 1
7 242 466 193 229 18 28 1
7 242 467 193 229 18 28 1
7 242 468 193 229 18 28 1
7 242 469 193 229 18 28 1
7 242 470 193 229 18 28 1
7 242 471 193 229 18 28 1
7 242 472 193 229 18 28 1
7 242 473 193 229 18 28 1
7 242 474 193 229 18 28 1
7 242 475 193 229 18 28 1
7 242 476 193 229 18 28 1
7 242 477 193 229 18 28 1
7 242 478 193 229 18 28 1
7 242 479 193 229 18 28 1
7 242 480 193 229 18 28 1
7 242 481 193 229 18 28 1
7 242 482 193 229 18 28 1
7 242 483 193 229 18 28 1
7 242 484 193 229 18 28 1
7 242 485 193 229 18 28 1
7 242 486 193 229 18 28 1
7 242 487 193 229 18 28 1
7 242 488 193 229 18 28 1
7 242 489 193 229 18 28 1
7 242 490 193 229 18 28 1
7 242 491 193 229 18 28 1
7 242 492 193 229 18 28 1
7 242 493 193 229 18 28 1
7 242 494 193 229 18 28 1
7 242 495 193 229 18 28 1
7 242 496 193 229 18 28 1
7 242 497 193 229 18 28 1
7 242 498 193 229 18 28 1
7 242 499 193 229 18 28 1
7 242 500 193 229 18 28 1
7 242 501 193 229 18 28 1
7 242 502 193 229 18 28 1
7 242 503 193 229 18 28 1
7 242 504 193 229 18 28 1
7 242 505 193 229 18 28 1
7 242 506 193 229 18 28 1
7 242 507 193 229 18 28 1
7 242 508 193 229 18 28 1
7 242 509 193 229 18 28 1
7 242 510 193 229 18 28 1
7 242 511 193 229 18 28 1
7 242 512 193 229 18 28 1
7 242 513 193 229 18 28 1
7 242 514 193 229 18 28 1
7 242 515 193 229 18 28 1
7 242 516 193 229 18 28 1
7 242 517 193 229 18 28 1
7 242 518 193 229 18 28 1
7 242 519 193 229 18 28 1
7 242 520 193 229 18 28 1
7 242 521 193 229 18 28 1
7 242 522 193 229 18 28 1
7 242 523 193 229 18 28 1
7 242 524 193 229 18 28 1
7 242 525 193 229 18 28 1
7 242 526 193 229 18 28 1
7 242 527 193 229 18 28 1
7 242 528 193 229 18 28 1
7 242 529 193 229 18 28 1
7 242 530 193 229 18 28 1
7 242 531 193 229 18 28 1
7 242 532 193 229 18 28 1
7 242 533 193 229 18 28 1
7 242 534 193 229 18 28 1
7 242 535 193 229 18 28 1
7 242 536 193 229 18 28 1
7 242 537 193 229 18 28 1
7 242 538 193 229 18 28 1
7 242 539 193 229 18 28 1
7 242 540 193 229 18 28 1
7 242 541 193 229 18 28 1
8 261 61 1077 391 59 137 1
8 261 62 1073 389 59 137 1
8 261 63 1072 389 58 137 1
8 261 64 1070 389 58 137 1
8 261 65 1068 387 59 137 1
8 261 66 1066 387 59 137 1
8 261 67 1064 387 59 137 1
8 261 68 1063 387 58 137 1
8 261 69 1061 385 59 137 1
8 261 70 1059 385 59 137 1
8 261 71 1057 385 59 137 1
8 261 72 1056 385 58 137 1
8 261 73 1054 384 58 136 1
8 261 74 1052 384 59 136 1
8 261 75 1050 384 59 136 1
8 261 76 1048 384 59 136 1
8 261 77 1047 382 58 137 1
8 261 78 1045 382 59 137 1
8 261 79 1043 382 59 137 1
8 261 80 1041 382 59 137 1
8 261 81 1040 380 58 137 1
8 261 82 1038 380 58 137 1
8 261 83 1036 380 59 137 1
8 261 84 1034 380 59 137 1
8 261 85 1032 378 59 137 1
8 261 86 1031 378 58 137 1
8 261 87 1029 378 59 137 1
8 261 88 1027 378 59 137 1
8 261 89 1027 378 59 137 1
8 261 90 1027 378 59 137 1
8 261 91 1027 378 59 137 1
8 261 92 1022 376 58 137 1
8 261 93 1016 376 59 137 1
8 261 94 1013 376 59 137 1
8 261 95 1016 376 59 137 1
8 261 96 1022 376 58 137 1
8 261 97 1027 378 59 137 1
8 261 98 1016 375 59 137 1
8 261 99 1006 373 58 137 1
8 261 100 997 371 57 137 1
8 261 101 993 371 57 137 1
8 261 102 992 373 56 137 1
8 261 103 990 373 57 137 1
8 261 104 988 375 57 137 1
8 261 105 984 373 57 137 1
8 261 106 983 373 57 137 1
8 261 107 981 373 55 135 1
8 261 108 979 371 55 137 1
8 261 109 977 371 55 137 1
8 261 110 976 371 53 135 1
8 261 111 974 369 53 137 1
8 261 112 972 369 52 135 1
8 261 113 970 369 52 135 1
8 261 114 968 368 52 136 1
8 261 115 967 368 49 135 1
8 261 116 965 368 50 135 1
8 261 117 963 368 50 135 1
8 261 118 963 366 50 135 1
8 261 119 963 366 50 135 1
8 261 120 963 366 50 135 1
8 261 121 965 366 48 135 1
8 261 122 965 366 48 135 1
8 261 123 965 366 48 135 1
8 261 124 965 366 48 135 1
8 261 125 967 366 46 133 1
8 261 126 967 366 46 133 1
8 261 127 967 366 46 133 1
8 261 128 967 366 46 133 1
8 261 129 968 366 45 133 1
8 261 130 968 366 45 133 1
8 261 131 968 366 45 133 1
8 261 132 968 366 45 133 1
8 261 133 970 364 43 133 1
8 261 134 970 364 43 133 1
8 261 135 970 364 43 133 1
8 261 136 970 364 43 133 1
8 261 137 972 364 41 133 1
8 261 138 972 364 41 133 1
8 261 139 972 364 41 133 1
8 261 140 972 364 41 133 1
8 261 141 974 364 39 132 1
8 261 142 974 364 39 132 1
8 261 143 974 364 39 132 1
8 261 144 974 364 39 132 1
8 261 145 976 364 37 132 1
8 261 146 976 364 37 132 1
8 261 147 976 364 37 132 1
8 261 148 977 364 36 132 1
8 261 149 976 364 37 132 1
8 261 150 976 364 37 132 1
8 261 151 976 364 37 132 1
8 261 152 976 364 37 132 1
8 261 153 976 364 37 132 1
8 261 154 976 364 37 132 1
8 261 155 976 364 37 132 1
8 261 156 976 364 37 132 1
8 261 157 976 364 37 132 1
8 261 158 976 364 37 132 1
8 261 159 974 364 39 132 1
8 261 160 974 364 39 132 1
8 261 161 974 364 39 132 1
8 261 162 974 364 39 132 1
8 261 163 974 364 39 132 1
8 261 164 974 364 39 132 1
8 261 165 974 364 39 132 1
8 261 166 974 364 39 132 1
8 261 167 974 364 39 132 1
8 261 168 974 364 39 132 1
8 261 169 974 364 39 132 1
8 261 170 972 364 41 132 1
8 261 171 972 364 41 132 1
8 261 172 972 364 41 132 1
8 261 173 972 364 41 132 1
8 261 174 972 364 41 132 1
8 261 175 972 364 41 132 1
8 261 176 972 364 41 132 1
8 261 177 972 364 41 132 1
8 261 178 972 364 41 132 1
8 261 179 972 364 41 132 1
8 261 180 972 364 41 132 1
8 261 181 970 364 43 132 1
8 261 182 970 364 43 132 1
8 261 183 970 364 43 132 1
8 261 184 970 364 43 132 1
8 261 185 970 364 43 132 1
8 261 186 970 364 43 132 1
8 261 187 970 364 43 132 1
8 261 188 970 364 43 132 1
8 261 189 970 364 43 132 1
8 261 190 970 364 43 132 1
8 261 191 970 364 43 132 1
8 261 192 968 364 45 132 1
8 261 193 968 364 45 132 1
8 261 194 968 364 45 132 1
8 261 195 968 364 45 132 1
8 261 196 968 364 45 132 1
8 261 197 968 364 45 132 1
8 261 198 968 364 45 132 1
8 261 199 968 364 45 132 1
8 261 200 968 364 45 132 1
8 261 201 968 364 45 132 1
8 261 202 968 364 45 132 1
8 261 203 968 364 45 132 1
8 261 204 968 364 45 132 1
8 261 205 968 364 47 132 1
8 261 206 970 364 45 132 1
8 261 207 970 364 45 132 1
8 261 208 970 364 46 132 1
8 261 209 970 364 46 132 1
8 261 210 972 364 44 132 1
8 261 211 972 364 46 132 1
8 261 212 972 364 46 132 1
8 261 213 974 364 44 133 1
8 261 214 974 364 46 133 1
8 261 215 974 364 46 133 1
8 261 216 974 364 46 133 1
8 261 217 976 366 46 131 1
8 261 218 976 366 46 131 1
8 261 219 976 366 46 131 1
8 261 220 976 366 48 131 1
8 261 221 977 366 47 131 1
8 261 222 977 366 47 131 1
8 261 223 977 366 48 131 1
8 261 224 979 366 46 133 1
8 261 225 979 366 46 133 1
8 261 226 979 366 48 133 1
8 261 227 979 366 48 133 1
8 261 228 981 366 46 133 1
8 261 229 981 366 48 133 1
8 261 230 981 366 48 133 1
8 261 231 983 366 46 133 1
8 261 232 983 368 48 131 1
8 261 233 983 368 48 131 1
8 261 234 983 368 49 131 1
8 261 235 984 368 48 133 1
8 261 236 984 368 48 133 1
8 261 237 984 368 50 133 1
8 261 238 984 368 50 133 1
8 261 239 986 368 48 133 1
8 261 240 986 368 50 133 1
8 261 241 986 368 50 133 1
8 261 242 988 368 48 133 1
8 261 243 988 368 50 133 1
8 261 244 988 368 50 133 1
8 261 245 988 368 50 133 1
8 261 246 990 368 50 135 1
8 261 247 990 369 50 134 1
8 261 248 990 369 50 134 1
8 261 249 992 369 49 134 1
8 261 250 992 369 49 134 1
8 261 251 992 369 49 134 1
8 261 252 992 369 51 134 1
8 261 253 993 369 50 134 1
8 261 254 993 369 50 134 1
8 261 255 993 369 52 134 1
8 261 256 993 369 52 134 1
8 261 257 995 369 50 135 1
8 261 258 995 369 52 135 1
8 261 259 995 369 52 135 1
8 261 260 997 369 50 135 1
8 261 261 997 369 51 135 1
8 261 262 997 371 51 133 1
8 261 263 997 371 53 133 1
8 261 264 999 371 51 133 1
8 261 265 999 371 51 133 1
8 261 266 999 371 53 133 1
8 261 267 1000 371 52 135 1
8 261 268 1000 371 52 135 1
8 261 269 1000 371 54 135 1
8 261 270 1000 371 54 135 1
8 261 271 1002 371 52 135 1
8 261 272 1002 371 54 135 1
8 261 273 1002 371 54 135 1
8 261 274 1002 371 54 135 1
8 261 275 1004 371 53 135 1
8 261 276 1004 371 53 135 1
8 261 277 1004 373 53 133 1
8 261 278 1006 373 53 135 1
8 261 279 1006 373 53 135 1
8 261 280 1006 373 53 135 1
8 261 281 1006 373 55 135 1
8 261 282 1008 373 53 135 1
8 261 283 1008 373 53 135 1
8 261 284 1008 373 55 135 1
8 261 285 1009 373 54 135 1
8 261 286 1009 373 54 135 1
8 261 287 1009 373 55 135 1
8 261 288 1009 373 55 135 1
8 261 289 1011 373 53 137 1
8 261 290 1011 373 55 137 1
8 261 291 1011 373 55 137 1
8 261 292 1011 375 57 135 1
8 261 293 1013 375 55 135 1
8 261 294 1013 375 55 135 1
8 261 295 1013 375 57 135 1
8 261 296 1015 375 55 135 1
8 261 297 1015 375 55 135 1
8 261 298 1015 375 57 135 1
8 261 299 1015 375 57 135 1
8 261 300 1016 375 56 137 1
8 261 301 1016 375 57 137 1
8 261 302 1016 375 57 137 1
8 261 303 1018 375 55 137 1
8 261 304 1018 375 57 137 1
8 261 305 1018 375 57 137 1
8 261 306 1018 375 57 137 1
8 261 307 1020 376 57 136 1
8 261 308 1020 376 57 136 1
8 261 309 1020 376 57 136 1
8 261 310 1020 376 59 136 1
8 261 311 1022 376 57 137 1
8 261 312 1022 376 57 137 1
8 261 313 1022 376 58 137 1
8 261 314 1024 376 56 137 1
8 261 315 1024 376 56 137 1
8 261 316 1024 376 58 137 1
8 261 317 1024 376 58 137 1
8 261 318 1025 376 57 137 1
8 261 319 1025 376 59 137 1
8 261 320 1025 376 59 137 1
8 261 321 1027 378 59 137 1
