0 9 242 59 300 59 366 598 118 121 
0 9 242 59 300 60 362 595 118 123 
0 9 242 59 300 61 359 593 118 126 
0 9 242 59 300 62 355 590 118 128 
0 9 242 59 300 63 353 589 116 129 
0 9 242 59 300 64 348 586 118 132 
0 9 242 59 300 65 346 584 116 134 
0 9 242 59 300 66 341 581 118 137 
0 9 242 59 300 67 339 580 116 138 
0 9 242 59 300 68 334 578 118 141 
0 9 242 59 300 69 330 575 118 143 
0 9 242 59 300 70 327 573 118 146 
0 9 242 59 300 71 325 570 118 148 
0 9 242 59 300 72 321 569 116 149 
0 9 242 59 300 73 316 569 118 149 
0 9 242 59 300 74 314 566 116 152 
0 9 242 59 300 75 309 566 118 152 
0 9 242 59 300 76 307 566 116 152 
0 9 242 59 300 77 300 564 118 154 
0 9 242 59 300 78 298 564 116 154 
0 9 242 59 300 79 293 561 118 157 
0 9 242 59 300 80 291 561 116 157 
0 9 242 59 300 81 286 561 118 157 
0 9 242 59 300 82 282 560 116 158 
0 9 242 59 300 83 277 560 118 158 
0 9 242 59 300 84 275 558 116 161 
0 9 242 59 300 85 270 558 118 161 
0 9 242 59 300 86 266 558 118 161 
0 9 242 59 300 87 263 555 118 163 
0 9 242 59 300 88 258 553 122 166 
0 9 242 59 300 89 256 553 120 166 
0 9 242 59 300 90 251 550 124 168 
0 9 242 59 300 91 248 549 126 169 
0 9 242 59 300 92 246 549 124 169 
0 9 242 59 300 93 241 546 128 172 
0 9 242 59 300 94 237 544 132 174 
0 9 242 59 300 95 233 544 132 174 
0 9 242 59 300 96 231 541 132 177 
0 9 242 59 300 97 227 540 134 178 
0 9 242 59 300 98 223 540 136 178 
0 9 242 59 300 99 219 538 138 181 
0 9 242 59 300 100 217 538 138 181 
0 9 242 59 300 101 213 535 140 183 
0 9 242 59 300 102 210 535 138 183 
0 9 242 59 300 103 206 533 140 186 
0 9 242 59 300 104 203 533 138 186 
0 9 242 59 300 105 201 530 138 188 
0 9 242 59 300 106 197 530 140 188 
0 9 242 59 300 107 194 529 138 189 
0 9 242 59 300 108 190 529 140 189 
0 9 242 59 300 109 187 526 138 192 
0 9 242 59 300 110 185 526 138 192 
0 9 242 59 300 111 181 524 140 194 
0 9 242 59 300 112 180 522 138 196 
0 9 242 59 300 113 178 523 138 195 
0 9 242 59 300 114 176 522 138 196 
0 9 242 59 300 115 174 522 140 196 
0 9 242 59 300 116 173 520 138 198 
0 9 242 59 300 117 171 518 138 200 
0 9 242 59 300 118 167 518 140 200 
0 9 242 59 300 119 165 516 140 202 
0 9 242 59 300 120 164 517 138 202 
0 9 242 59 300 121 162 515 138 204 
0 9 242 59 300 122 160 514 138 204 
0 9 242 59 300 123 158 514 140 204 
0 9 242 59 300 124 157 512 138 206 
0 9 242 59 300 125 155 512 138 206 
0 9 242 59 300 126 151 510 140 208 
0 9 242 59 300 127 150 510 136 208 
0 9 242 59 300 128 147 508 134 210 
0 9 242 59 300 129 146 508 132 210 
0 9 242 59 300 130 143 507 130 211 
0 9 242 59 300 131 141 507 132 211 
0 9 242 59 300 132 137 505 132 213 
0 9 242 59 300 133 136 505 128 213 
0 9 242 59 300 134 136 505 124 213 
0 9 242 59 300 135 132 503 124 215 
0 9 242 59 300 136 130 503 122 215 
0 9 242 59 300 137 127 501 124 217 
0 9 242 59 300 138 126 501 120 217 
0 9 242 59 300 139 121 499 122 219 
0 9 242 59 300 140 122 499 116 219 
0 9 242 59 300 141 117 498 118 217 
0 9 242 59 300 142 116 498 114 217 
0 9 242 59 300 143 116 498 112 217 
0 9 242 59 300 144 111 496 114 219 
0 9 242 59 300 145 109 497 114 216 
0 9 242 59 300 146 106 494 114 219 
0 9 242 59 300 147 104 495 114 216 
0 9 242 59 300 148 102 495 114 216 
0 9 242 59 300 149 100 493 112 216 
0 9 242 59 300 150 97 493 114 216 
0 9 242 59 300 151 95 492 114 216 
0 9 242 59 300 152 91 492 114 213 
0 9 242 59 300 153 90 492 114 213 
0 9 242 59 300 154 88 490 114 213 
0 9 242 59 300 155 84 490 114 213 
0 9 242 59 300 156 84 488 112 213 
0 9 242 59 300 157 79 488 114 213 
0 9 242 59 300 158 77 489 114 210 
0 9 242 59 300 159 75 486 114 213 
0 9 242 59 300 160 72 486 114 211 
0 9 242 59 300 161 70 484 114 211 
0 9 242 59 300 162 68 484 114 211 
0 9 242 59 300 163 65 485 114 208 
0 9 242 59 300 164 63 484 114 210 
0 9 242 59 300 165 61 484 114 207 
0 9 242 59 300 166 58 482 114 210 
0 9 242 59 300 167 56 482 114 208 
0 9 242 59 300 168 54 482 114 208 
0 9 242 59 300 169 52 480 114 208 
0 9 242 59 300 170 52 480 112 205 
0 9 242 59 300 171 49 478 114 205 
0 9 242 59 300 172 47 478 114 205 
0 9 242 59 300 173 45 478 114 204 
0 9 242 59 300 174 45 478 114 202 
0 9 242 59 300 175 43 475 114 205 
0 9 242 59 300 176 42 476 114 202 
0 9 242 59 300 177 40 474 114 202 
0 9 242 59 300 178 38 474 114 202 
0 9 242 59 300 179 36 472 114 202 
0 9 242 59 300 180 36 472 114 201 
0 9 242 59 300 181 36 470 112 201 
0 9 242 59 300 182 33 470 114 201 
0 9 242 59 300 183 31 469 114 199 
0 9 242 59 300 184 29 470 114 196 
0 9 242 59 300 185 27 467 114 199 
0 9 242 59 300 186 27 468 114 196 
0 9 242 59 300 187 26 466 114 198 
0 9 242 59 300 188 24 466 114 198 
0 9 242 59 300 189 22 464 114 198 
0 9 242 59 300 190 20 464 114 195 
0 9 242 59 300 191 20 464 114 195 
0 9 242 59 300 192 20 463 112 193 
0 9 242 59 300 193 20 464 110 192 
0 9 242 59 300 194 17 461 114 195 
0 9 242 59 300 195 18 462 110 192 
0 9 242 59 300 196 16 462 110 192 
0 9 242 59 300 197 16 460 110 192 
0 9 242 59 300 198 14 460 110 192 
0 9 242 59 300 199 14 458 110 192 
0 9 242 59 300 200 12 458 112 192 
0 9 242 59 300 201 13 458 108 189 
0 9 242 59 300 202 11 456 110 192 
0 9 242 59 300 203 12 456 106 190 
0 9 242 59 300 204 10 456 106 190 
0 9 242 59 300 205 10 455 106 189 
0 9 242 59 300 206 8 455 106 189 
0 9 242 59 300 207 8 453 106 189 
0 9 242 59 300 208 6 453 108 189 
0 9 242 59 300 209 7 454 104 186 
0 9 242 59 300 210 5 451 106 189 
0 9 242 59 300 211 6 451 102 187 
0 9 242 59 300 212 6 451 102 187 
0 9 242 59 300 213 4 449 102 187 
0 9 242 59 300 214 4 450 102 184 
0 9 242 59 300 215 4 450 102 184 
0 9 242 59 300 216 2 449 104 183 
0 9 242 59 300 217 2 449 104 183 
0 9 242 59 300 218 2 450 104 180 
0 9 242 59 300 219 0 447 104 183 
0 9 242 59 300 220 0 447 104 181 
0 9 242 59 300 221 0 447 104 181 
0 9 242 59 300 222 0 445 102 181 
0 9 242 59 300 223 0 445 102 181 
0 9 242 59 300 224 0 446 102 178 
0 9 242 59 300 225 0 446 99 178 
0 9 242 59 300 226 0 444 99 178 
0 9 242 59 300 227 0 444 99 178 
0 9 242 59 300 228 0 444 97 177 
0 9 242 59 300 229 0 442 97 180 
0 9 242 59 300 230 0 442 97 177 
0 9 242 59 300 231 0 442 97 177 
0 9 242 59 300 232 0 441 97 175 
0 9 242 59 300 233 0 441 97 175 
0 9 242 59 300 234 0 442 95 172 
0 9 242 59 300 235 0 439 95 175 
0 9 242 59 300 236 0 440 95 172 
0 9 242 59 300 237 0 440 92 172 
0 9 242 59 300 238 0 440 92 171 
0 9 242 59 300 239 0 438 92 174 
0 9 242 59 300 240 0 438 90 171 
0 9 242 59 300 241 0 438 90 171 
0 9 242 59 300 242 0 436 90 171 
0 9 242 59 300 243 0 436 90 171 
0 9 242 59 300 244 0 437 90 168 
0 9 242 59 300 245 0 435 90 169 
0 9 242 59 300 246 0 436 88 168 
0 9 242 59 300 247 0 436 88 168 
0 9 242 59 300 248 0 434 88 168 
0 9 242 59 300 249 0 434 86 168 
0 9 242 59 300 250 0 434 86 165 
0 9 242 59 300 251 0 434 86 165 
0 9 242 59 300 252 0 432 83 165 
0 9 242 59 300 253 0 432 83 165 
0 9 242 59 300 254 0 430 83 165 
0 9 242 59 300 255 0 430 83 165 
0 9 242 59 300 256 0 430 83 163 
0 9 242 59 300 257 0 428 81 166 
0 9 242 59 300 258 0 428 81 163 
0 9 242 59 300 259 0 428 81 163 
0 9 242 59 300 260 0 428 81 162 
0 9 242 59 300 261 0 428 81 162 
0 9 242 59 300 262 0 428 81 159 
0 9 242 59 300 263 0 426 81 162 
0 9 242 59 300 264 0 426 81 160 
0 9 242 59 300 265 0 426 81 160 
0 9 242 59 300 266 0 424 81 160 
0 9 242 59 300 267 0 424 81 160 
0 9 242 59 300 268 0 424 81 160 
0 9 242 59 300 269 0 422 79 160 
0 9 242 59 300 270 0 422 76 160 
0 9 242 59 300 271 0 422 76 160 
0 9 242 59 300 272 0 421 73 159 
0 9 242 59 300 273 0 421 73 159 
0 9 242 59 300 274 0 421 71 159 
0 9 242 59 300 275 0 419 71 159 
0 9 242 59 300 276 0 419 68 159 
0 9 242 59 300 277 0 419 66 159 
0 9 242 59 300 278 0 417 66 160 
0 9 242 59 300 279 0 417 63 160 
0 9 242 59 300 280 0 417 63 160 
0 9 242 59 300 281 0 415 60 160 
0 9 242 59 300 282 0 415 60 160 
0 9 242 59 300 283 0 415 58 160 
0 9 242 59 300 284 0 415 58 160 
0 9 242 59 300 285 0 415 55 160 
0 9 242 59 300 286 0 415 52 160 
0 9 242 59 300 287 0 415 52 160 
0 9 242 59 300 288 0 415 49 160 
0 9 242 59 300 289 0 415 48 160 
0 9 242 59 300 290 0 415 48 160 
0 9 242 59 300 291 0 415 45 160 
0 9 242 59 300 292 0 415 42 160 
0 9 242 59 300 293 0 415 42 160 
0 9 242 59 300 294 0 415 39 160 
0 9 242 59 300 295 0 415 36 160 
0 9 242 59 300 296 0 415 36 160 
0 9 242 59 300 297 0 413 34 160 
0 9 242 59 300 298 0 413 31 160 
0 9 242 59 300 299 0 413 28 160 
0 9 242 59 300 300 0 412 25 159 
1 9 319 319 637 319 0 441 61 154 
1 9 319 319 637 320 0 439 63 154 
1 9 319 319 637 321 0 438 65 154 
1 9 319 319 637 322 0 436 68 154 
1 9 319 319 637 323 0 434 70 154 
1 9 319 319 637 324 0 432 74 154 
1 9 319 319 637 325 0 432 75 154 
1 9 319 319 637 326 0 430 77 156 
1 9 319 319 637 327 3 429 78 154 
1 9 319 319 637 328 4 427 80 154 
1 9 319 319 637 329 8 425 78 154 
1 9 319 319 637 330 10 423 78 154 
1 9 319 319 637 331 13 423 78 154 
1 9 319 319 637 332 15 422 78 154 
1 9 319 319 637 333 17 422 78 154 
1 9 319 319 637 334 19 422 78 151 
1 9 319 319 637 335 20 422 80 151 
1 9 319 319 637 336 22 420 78 151 
1 9 319 319 637 337 24 420 78 151 
1 9 319 319 637 338 28 421 78 148 
1 9 319 319 637 339 29 421 78 148 
1 9 319 319 637 340 31 419 78 150 
1 9 319 319 637 341 33 419 78 150 
1 9 319 319 637 342 35 419 78 150 
1 9 319 319 637 343 36 419 80 147 
1 9 319 319 637 344 40 419 78 147 
1 9 319 319 637 345 42 417 78 147 
1 9 319 319 637 346 44 417 78 147 
1 9 319 319 637 347 45 418 78 144 
1 9 319 319 637 348 47 418 78 144 
1 9 319 319 637 349 49 416 78 144 
1 9 319 319 637 350 52 416 80 144 
1 9 319 319 637 351 54 416 78 142 
1 9 319 319 637 352 56 416 78 142 
1 9 319 319 637 353 58 416 78 142 
1 9 319 319 637 354 60 415 78 141 
1 9 319 319 637 355 61 415 78 141 
1 9 319 319 637 356 65 416 78 138 
1 9 319 319 637 357 67 416 78 138 
1 9 319 319 637 358 68 414 80 138 
1 9 319 319 637 359 70 414 78 138 
1 9 319 319 637 360 72 414 78 136 
1 9 319 319 637 361 74 414 78 136 
1 9 319 319 637 362 77 414 78 136 
1 9 319 319 637 363 79 412 78 136 
1 9 319 319 637 364 81 412 78 136 
1 9 319 319 637 365 83 412 78 136 
1 9 319 319 637 366 84 410 80 136 
1 9 319 319 637 367 86 410 78 136 
1 9 319 319 637 368 91 410 74 136 
1 9 319 319 637 369 93 409 74 135 
1 9 319 319 637 370 94 409 76 135 
1 9 319 319 637 371 96 409 74 135 
1 9 319 319 637 372 98 407 74 135 
1 9 319 319 637 373 102 407 72 135 
1 9 319 319 637 374 104 407 72 135 
1 9 319 319 637 375 106 405 72 136 
1 9 319 319 637 376 108 405 70 136 
1 9 319 319 637 377 110 405 70 136 
1 9 319 319 637 378 113 405 72 136 
1 9 319 319 637 379 115 403 70 136 
1 9 319 319 637 380 117 403 70 136 
1 9 319 319 637 381 118 403 72 136 
1 9 319 319 637 382 120 401 72 136 
1 9 319 319 637 383 122 401 72 136 
1 9 319 319 637 384 127 401 66 136 
1 9 319 319 637 385 128 400 68 135 
1 9 319 319 637 386 130 400 68 135 
1 9 319 319 637 387 132 400 68 135 
1 9 319 319 637 388 134 398 66 136 
1 9 319 319 637 389 138 398 64 136 
1 9 319 319 637 390 140 398 64 136 
1 9 319 319 637 391 142 396 64 136 
1 9 319 319 637 392 144 396 64 136 
1 9 319 319 637 393 145 396 64 136 
1 9 319 319 637 394 149 396 64 136 
1 9 319 319 637 395 149 394 64 136 
1 9 319 319 637 396 151 394 64 136 
1 9 319 319 637 397 151 394 64 133 
1 9 319 319 637 398 152 393 64 135 
1 9 319 319 637 399 152 393 64 135 
1 9 319 319 637 400 154 394 64 132 
1 9 319 319 637 401 156 394 64 132 
1 9 319 319 637 402 156 391 64 135 
1 9 319 319 637 403 158 391 64 133 
1 9 319 319 637 404 158 391 64 133 
1 9 319 319 637 405 160 389 64 136 
1 9 319 319 637 406 161 389 64 133 
1 9 319 319 637 407 161 389 64 133 
1 9 319 319 637 408 163 390 64 130 
1 9 319 319 637 409 163 387 64 133 
1 9 319 319 637 410 165 387 64 133 
1 9 319 319 637 411 165 388 64 130 
1 9 319 319 637 412 167 385 64 133 
1 9 319 319 637 413 168 385 64 133 
1 9 319 319 637 414 168 386 64 132 
1 9 319 319 637 415 170 386 64 132 
1 9 319 319 637 416 170 384 64 133 
1 9 319 319 637 417 172 385 64 130 
1 9 319 319 637 418 174 385 64 130 
1 9 319 319 637 419 174 385 64 130 
1 9 319 319 637 420 176 383 64 130 
1 9 319 319 637 421 176 383 64 130 
1 9 319 319 637 422 177 383 64 127 
1 9 319 319 637 423 179 381 64 130 
1 9 319 319 637 424 179 381 64 130 
1 9 319 319 637 425 181 381 64 127 
1 9 319 319 637 426 181 381 64 127 
1 9 319 319 637 427 183 379 64 130 
1 9 319 319 637 428 183 379 64 129 
1 9 319 319 637 429 184 379 64 129 
1 9 319 319 637 430 186 378 64 130 
1 9 319 319 637 431 186 378 64 127 
1 9 319 319 637 432 188 378 64 127 
1 9 319 319 637 433 188 379 64 124 
1 9 319 319 637 434 190 376 64 127 
1 9 319 319 637 435 192 376 64 127 
1 9 319 319 637 436 192 377 64 124 
1 9 319 319 637 437 193 374 64 127 
1 9 319 319 637 438 193 374 64 127 
1 9 319 319 637 439 195 375 64 126 
1 9 319 319 637 440 195 375 64 126 
1 9 319 319 637 441 197 372 64 129 
1 9 319 319 637 442 199 373 64 126 
1 9 319 319 637 443 199 373 64 126 
1 9 319 319 637 444 200 373 64 126 
1 9 319 319 637 445 200 371 64 126 
1 9 319 319 637 446 202 371 64 126 
1 9 319 319 637 447 204 371 64 123 
1 9 319 319 637 448 204 370 64 124 
1 9 319 319 637 449 206 370 64 124 
1 9 319 319 637 450 206 370 64 121 
1 9 319 319 637 451 208 370 64 121 
1 9 319 319 637 452 209 368 64 124 
1 9 319 319 637 453 209 368 64 123 
1 9 319 319 637 454 211 368 64 123 
1 9 319 319 637 455 211 366 64 126 
1 9 319 319 637 456 213 366 64 123 
1 9 319 319 637 457 213 366 64 123 
1 9 319 319 637 458 215 367 64 120 
1 9 319 319 637 459 216 364 64 123 
1 9 319 319 637 460 216 364 64 123 
1 9 319 319 637 461 218 365 64 120 
1 9 319 319 637 462 218 363 64 121 
1 9 319 319 637 463 220 363 64 121 
1 9 319 319 637 464 222 364 64 120 
1 9 319 319 637 465 222 364 64 120 
1 9 319 319 637 466 224 361 64 123 
1 9 319 319 637 467 224 362 64 120 
1 9 319 319 637 468 225 362 64 120 
1 9 319 319 637 469 227 362 64 120 
1 9 319 319 637 470 227 360 64 120 
1 9 319 319 637 471 227 360 64 120 
1 9 319 319 637 472 227 358 64 120 
1 9 319 319 637 473 229 358 64 120 
1 9 319 319 637 474 229 356 64 120 
1 9 319 319 637 475 229 356 64 120 
1 9 319 319 637 476 229 356 64 118 
1 9 319 319 637 477 231 355 64 120 
1 9 319 319 637 478 231 355 64 117 
1 9 319 319 637 479 231 353 64 120 
1 9 319 319 637 480 231 353 64 120 
1 9 319 319 637 481 232 353 64 117 
1 9 319 319 637 482 232 351 64 120 
1 9 319 319 637 483 232 351 64 117 
1 9 319 319 637 484 232 349 64 120 
1 9 319 319 637 485 234 349 64 118 
1 9 319 319 637 486 234 348 64 120 
1 9 319 319 637 487 234 348 64 117 
1 9 319 319 637 488 234 348 64 117 
1 9 319 319 637 489 236 346 64 120 
1 9 319 319 637 490 236 346 64 117 
1 9 319 319 637 491 236 344 64 120 
1 9 319 319 637 492 236 344 64 117 
1 9 319 319 637 493 238 344 64 117 
1 9 319 319 637 494 238 342 64 117 
1 9 319 319 637 495 238 342 64 117 
1 9 319 319 637 496 238 340 64 118 
1 9 319 319 637 497 240 340 64 118 
1 9 319 319 637 498 240 339 64 117 
1 9 319 319 637 499 240 339 64 117 
1 9 319 319 637 500 240 339 64 117 
1 9 319 319 637 501 241 337 64 117 
1 9 319 319 637 502 241 337 64 117 
1 9 319 319 637 503 241 335 64 117 
1 9 319 319 637 504 241 335 64 117 
1 9 319 319 637 505 243 335 64 115 
1 9 319 319 637 506 243 333 64 118 
1 9 319 319 637 507 243 333 64 115 
1 9 319 319 637 508 243 332 64 117 
1 9 319 319 637 509 245 332 64 117 
1 9 319 319 637 510 245 330 64 117 
1 9 319 319 637 511 245 330 64 117 
1 9 319 319 637 512 245 331 64 114 
1 9 319 319 637 513 247 328 64 117 
1 9 319 319 637 514 247 329 64 114 
1 9 319 319 637 515 247 326 64 117 
1 9 319 319 637 516 247 326 64 115 
1 9 319 319 637 517 248 326 64 115 
1 9 319 319 637 518 248 324 64 115 
1 9 319 319 637 519 248 324 64 115 
1 9 319 319 637 520 248 323 64 117 
1 9 319 319 637 521 250 324 64 114 
1 9 319 319 637 522 250 321 64 117 
1 9 319 319 637 523 250 322 64 114 
1 9 319 319 637 524 250 322 64 114 
1 9 319 319 637 525 252 319 64 115 
1 9 319 319 637 526 252 319 64 115 
1 9 319 319 637 527 252 317 64 115 
1 9 319 319 637 528 252 317 64 115 
1 9 319 319 637 529 254 317 64 115 
1 9 319 319 637 530 254 317 64 114 
1 9 319 319 637 531 254 317 64 114 
1 9 319 319 637 532 254 317 64 114 
1 9 319 319 637 533 254 315 64 114 
1 9 319 319 637 534 257 315 60 114 
1 9 319 319 637 535 256 315 64 114 
1 9 319 319 637 536 256 315 64 111 
1 9 319 319 637 537 256 313 64 114 
1 9 319 319 637 538 256 313 64 114 
1 9 319 319 637 539 257 313 62 112 
1 9 319 319 637 540 257 313 64 112 
1 9 319 319 637 541 257 310 64 115 
1 9 319 319 637 542 257 311 64 112 
1 9 319 319 637 543 257 311 64 112 
1 9 319 319 637 544 260 308 60 115 
1 9 319 319 637 545 260 309 60 112 
1 9 319 319 637 546 259 309 64 112 
1 9 319 319 637 547 259 309 64 112 
1 9 319 319 637 548 262 308 60 111 
1 9 319 319 637 549 262 308 60 111 
1 9 319 319 637 550 262 308 60 111 
1 9 319 319 637 551 261 308 64 109 
1 9 319 319 637 552 261 306 64 112 
1 9 319 319 637 553 264 306 60 112 
1 9 319 319 637 554 264 306 60 109 
1 9 319 319 637 555 264 306 60 109 
1 9 319 319 637 556 264 304 60 112 
1 9 319 319 637 557 263 304 64 109 
1 9 319 319 637 558 264 304 62 109 
1 9 319 319 637 559 264 302 62 112 
1 9 319 319 637 560 264 302 62 109 
1 9 319 319 637 561 264 302 62 109 
1 9 319 319 637 562 264 302 64 109 
1 9 319 319 637 563 267 302 60 108 
1 9 319 319 637 564 267 302 60 108 
1 9 319 319 637 565 267 302 60 108 
1 9 319 319 637 566 267 302 60 108 
1 9 319 319 637 567 270 299 56 109 
1 9 319 319 637 568 269 299 60 109 
1 9 319 319 637 569 269 299 60 109 
1 9 319 319 637 570 269 300 60 106 
1 9 319 319 637 571 269 297 60 109 
1 9 319 319 637 572 272 297 56 109 
1 9 319 319 637 573 271 298 60 106 
1 9 319 319 637 574 271 295 60 109 
1 9 319 319 637 575 271 295 60 109 
1 9 319 319 637 576 271 296 60 106 
1 9 319 319 637 577 274 296 56 106 
1 9 319 319 637 578 274 293 56 109 
1 9 319 319 637 579 273 294 60 108 
1 9 319 319 637 580 273 294 60 108 
1 9 319 319 637 581 273 294 60 108 
1 9 319 319 637 582 274 293 58 106 
1 9 319 319 637 583 274 293 58 106 
1 9 319 319 637 584 273 293 62 106 
1 9 319 319 637 585 273 293 62 103 
1 9 319 319 637 586 276 291 58 106 
1 9 319 319 637 587 276 291 58 106 
1 9 319 319 637 588 276 291 58 103 
1 9 319 319 637 589 276 289 58 106 
1 9 319 319 637 590 276 289 60 106 
1 9 319 319 637 591 279 289 56 103 
1 9 319 319 637 592 279 289 56 103 
1 9 319 319 637 593 279 287 56 106 
1 9 319 319 637 594 279 287 56 105 
1 9 319 319 637 595 278 287 60 105 
1 9 319 319 637 596 281 287 56 105 
1 9 319 319 637 597 281 286 56 103 
1 9 319 319 637 598 281 286 56 103 
1 9 319 319 637 599 281 286 56 103 
1 9 319 319 637 600 281 286 58 103 
1 9 319 319 637 601 281 284 58 103 
1 9 319 319 637 602 281 284 58 103 
1 9 319 319 637 603 281 284 58 103 
1 9 319 319 637 604 281 284 58 103 
1 9 319 319 637 605 280 284 62 103 
1 9 319 319 637 606 283 282 58 103 
1 9 319 319 637 607 283 282 58 103 
1 9 319 319 637 608 283 282 58 103 
1 9 319 319 637 609 283 282 60 103 
1 9 319 319 637 610 283 282 60 103 
1 9 319 319 637 611 286 280 56 105 
1 9 319 319 637 612 286 280 56 105 
1 9 319 319 637 613 285 280 60 105 
1 9 319 319 637 614 285 280 60 105 
1 9 319 319 637 615 285 280 60 105 
1 9 319 319 637 616 288 278 56 105 
1 9 319 319 637 617 287 278 60 105 
1 9 319 319 637 618 287 278 60 105 
1 9 319 319 637 619 287 278 60 105 
1 9 319 319 637 620 287 278 60 105 
1 9 319 319 637 621 286 278 64 105 
1 9 319 319 637 622 289 277 60 103 
1 9 319 319 637 623 289 277 60 103 
1 9 319 319 637 624 289 277 60 103 
1 9 319 319 637 625 288 277 64 103 
1 9 319 319 637 626 288 277 64 103 
1 9 319 319 637 627 289 275 62 103 
1 9 319 319 637 628 289 275 62 103 
1 9 319 319 637 629 289 275 64 103 
1 9 319 319 637 630 289 275 64 103 
1 9 319 319 637 631 289 275 64 103 
1 9 319 319 637 632 292 273 60 103 
1 9 319 319 637 633 291 273 64 103 
1 9 319 319 637 634 291 273 64 103 
1 9 319 319 637 635 291 273 64 103 
1 9 319 319 637 636 291 273 64 103 
1 9 319 319 637 637 293 273 64 103 
2 11 47 87 133 87 902 185 91 90 
2 11 47 87 133 88 902 185 91 90 
2 11 47 87 133 89 902 185 91 90 
2 11 47 87 133 90 902 185 91 90 
2 11 47 87 133 91 902 185 91 90 
2 11 47 87 133 92 902 185 91 90 
2 11 47 87 133 93 902 185 91 90 
2 11 47 87 133 94 902 185 91 90 
2 11 47 87 133 95 902 185 91 90 
2 11 47 87 133 96 902 185 91 90 
2 11 47 87 133 97 902 185 91 90 
2 11 47 87 133 98 902 185 91 90 
2 11 47 87 133 99 902 185 91 90 
2 11 47 87 133 100 902 185 91 90 
2 11 47 87 133 101 902 185 91 90 
2 11 47 87 133 102 902 185 91 90 
2 11 47 87 133 103 902 185 91 90 
2 11 47 87 133 104 902 185 91 90 
2 11 47 87 133 105 902 185 91 90 
2 11 47 87 133 106 902 185 91 90 
2 11 47 87 133 107 902 185 91 90 
2 11 47 87 133 108 902 185 91 90 
2 11 47 87 133 109 902 185 91 90 
2 11 47 87 133 110 902 185 91 90 
2 11 47 87 133 111 902 185 91 90 
2 11 47 87 133 112 902 185 91 90 
2 11 47 87 133 113 902 185 91 90 
2 11 47 87 133 114 902 185 91 90 
2 11 47 87 133 115 902 185 91 90 
2 11 47 87 133 116 902 185 91 90 
2 11 47 87 133 117 902 185 91 90 
2 11 47 87 133 118 902 185 91 90 
2 11 47 87 133 119 902 185 91 90 
2 11 47 87 133 120 902 185 91 90 
2 11 47 87 133 121 902 185 91 90 
2 11 47 87 133 122 902 185 91 90 
2 11 47 87 133 123 902 185 91 90 
2 11 47 87 133 124 902 185 91 90 
2 11 47 87 133 125 902 185 91 90 
2 11 47 87 133 126 902 185 91 90 
2 11 47 87 133 127 902 185 91 90 
2 11 47 87 133 128 902 185 91 90 
2 11 47 87 133 129 902 185 91 90 
2 11 47 87 133 130 902 185 91 90 
2 11 47 87 133 131 902 185 91 90 
2 11 47 87 133 132 902 185 91 90 
2 11 47 87 133 133 902 185 91 90 
3 12 47 344 390 344 892 203 94 72 
3 12 47 344 390 345 892 203 94 72 
3 12 47 344 390 346 892 203 94 72 
3 12 47 344 390 347 892 203 94 72 
3 12 47 344 390 348 892 203 94 72 
3 12 47 344 390 349 892 203 94 72 
3 12 47 344 390 350 892 203 94 72 
3 12 47 344 390 351 892 203 94 72 
3 12 47 344 390 352 892 203 94 72 
3 12 47 344 390 353 892 203 94 72 
3 12 47 344 390 354 892 203 94 72 
3 12 47 344 390 355 892 203 94 72 
3 12 47 344 390 356 892 203 94 72 
3 12 47 344 390 357 892 203 94 72 
3 12 47 344 390 358 892 203 94 72 
3 12 47 344 390 359 892 203 94 72 
3 12 47 344 390 360 892 203 94 72 
3 12 47 344 390 361 892 203 94 72 
3 12 47 344 390 362 892 203 94 72 
3 12 47 344 390 363 892 203 94 72 
3 12 47 344 390 364 892 203 94 72 
3 12 47 344 390 365 892 203 94 72 
3 12 47 344 390 366 892 203 94 72 
3 12 47 344 390 367 892 203 94 72 
3 12 47 344 390 368 892 203 94 72 
3 12 47 344 390 369 892 203 94 72 
3 12 47 344 390 370 892 203 94 72 
3 12 47 344 390 371 892 203 94 72 
3 12 47 344 390 372 892 203 94 72 
3 12 47 344 390 373 892 203 94 72 
3 12 47 344 390 374 892 203 94 72 
3 12 47 344 390 375 892 203 94 72 
3 12 47 344 390 376 892 203 94 72 
3 12 47 344 390 377 892 203 94 72 
3 12 47 344 390 378 892 203 94 72 
3 12 47 344 390 379 892 203 94 72 
3 12 47 344 390 380 892 203 94 72 
3 12 47 344 390 381 892 203 94 72 
3 12 47 344 390 382 892 203 94 72 
3 12 47 344 390 383 892 203 94 72 
3 12 47 344 390 384 892 203 94 72 
3 12 47 344 390 385 892 203 94 72 
3 12 47 344 390 386 892 203 94 72 
3 12 47 344 390 387 892 203 94 72 
3 12 47 344 390 388 892 203 94 72 
3 12 47 344 390 389 892 203 94 72 
3 12 47 344 390 390 892 203 94 72 
4 9 577 61 637 61 190 377 82 139 
4 9 577 61 637 62 190 377 82 138 
4 9 577 61 637 63 190 377 82 138 
4 9 577 61 637 64 192 377 82 138 
4 9 577 61 637 65 192 377 82 138 
4 9 577 61 637 66 192 375 82 138 
4 9 577 61 637 67 194 375 82 138 
4 9 577 61 637 68 194 375 82 138 
4 9 577 61 637 69 195 375 82 138 
4 9 577 61 637 70 195 375 82 138 
4 9 577 61 637 71 195 373 82 138 
4 9 577 61 637 72 197 373 82 138 
4 9 577 61 637 73 197 373 82 138 
4 9 577 61 637 74 199 373 82 138 
4 9 577 61 637 75 199 370 82 139 
4 9 577 61 637 76 199 370 82 139 
4 9 577 61 637 77 201 370 82 139 
4 9 577 61 637 78 201 370 82 139 
4 9 577 61 637 79 204 370 80 139 
4 9 577 61 637 80 204 368 80 139 
4 9 577 61 637 81 204 368 80 139 
4 9 577 61 637 82 204 368 82 139 
4 9 577 61 637 83 204 368 82 139 
4 9 577 61 637 84 206 368 82 139 
4 9 577 61 637 85 206 368 82 138 
4 9 577 61 637 86 206 368 82 138 
4 9 577 61 637 87 206 368 82 135 
4 9 577 61 637 88 206 368 82 135 
4 9 577 61 637 89 206 368 82 135 
4 9 577 61 637 90 208 366 82 136 
4 9 577 61 637 91 208 366 82 136 
4 9 577 61 637 92 208 366 82 136 
4 9 577 61 637 93 208 366 82 133 
4 9 577 61 637 94 208 366 82 133 
4 9 577 61 637 95 208 366 82 133 
4 9 577 61 637 96 210 364 82 133 
4 9 577 61 637 97 210 364 82 133 
4 9 577 61 637 98 210 364 82 133 
4 9 577 61 637 99 210 365 82 130 
4 9 577 61 637 100 210 365 82 130 
4 9 577 61 637 101 210 365 82 130 
4 9 577 61 637 102 211 363 82 130 
4 9 577 61 637 103 211 363 82 130 
4 9 577 61 637 104 211 363 82 130 
4 9 577 61 637 105 211 363 82 129 
4 9 577 61 637 106 211 363 82 129 
4 9 577 61 637 107 211 363 82 129 
4 9 577 61 637 108 213 362 82 127 
4 9 577 61 637 109 213 362 82 127 
4 9 577 61 637 110 213 362 82 127 
4 9 577 61 637 111 213 363 82 124 
4 9 577 61 637 112 213 363 82 124 
4 9 577 61 637 113 213 363 82 124 
4 9 577 61 637 114 215 361 82 124 
4 9 577 61 637 115 215 361 82 124 
4 9 577 61 637 116 215 361 82 124 
4 9 577 61 637 117 215 361 82 123 
4 9 577 61 637 118 215 361 82 123 
4 9 577 61 637 119 217 361 82 123 
4 9 577 61 637 120 217 359 82 123 
4 9 577 61 637 121 217 359 82 123 
4 9 577 61 637 122 217 359 82 123 
4 9 577 61 637 123 217 357 82 123 
4 9 577 61 637 124 217 357 82 123 
4 9 577 61 637 125 217 357 82 123 
4 9 577 61 637 126 220 355 80 123 
4 9 577 61 637 127 220 355 80 123 
4 9 577 61 637 128 220 355 80 123 
4 9 577 61 637 129 220 355 80 123 
4 9 577 61 637 130 220 354 80 121 
4 9 577 61 637 131 220 354 80 121 
4 9 577 61 637 132 220 354 82 121 
4 9 577 61 637 133 220 352 82 123 
4 9 577 61 637 134 220 352 82 123 
4 9 577 61 637 135 220 352 82 123 
4 9 577 61 637 136 220 350 82 123 
4 9 577 61 637 137 220 350 82 123 
4 9 577 61 637 138 222 350 82 123 
4 9 577 61 637 139 222 350 82 123 
4 9 577 61 637 140 222 348 82 123 
4 9 577 61 637 141 222 348 82 123 
4 9 577 61 637 142 222 348 82 123 
4 9 577 61 637 143 222 347 82 121 
4 9 577 61 637 144 224 347 82 121 
4 9 577 61 637 145 224 347 82 121 
4 9 577 61 637 146 224 345 82 123 
4 9 577 61 637 147 224 345 82 123 
4 9 577 61 637 148 224 345 82 123 
4 9 577 61 637 149 224 345 82 123 
4 9 577 61 637 150 226 343 82 123 
4 9 577 61 637 151 226 343 82 123 
4 9 577 61 637 152 226 343 82 123 
4 9 577 61 637 153 226 341 82 123 
4 9 577 61 637 154 226 341 82 123 
4 9 577 61 637 155 226 341 82 123 
4 9 577 61 637 156 227 341 82 123 
4 9 577 61 637 157 227 339 82 123 
4 9 577 61 637 158 227 339 82 123 
4 9 577 61 637 159 227 339 82 123 
4 9 577 61 637 160 227 338 82 121 
4 9 577 61 637 161 227 338 82 121 
4 9 577 61 637 162 227 338 82 121 
4 9 577 61 637 163 227 338 82 121 
4 9 577 61 637 164 227 336 82 123 
4 9 577 61 637 165 229 336 82 123 
4 9 577 61 637 166 229 336 82 123 
4 9 577 61 637 167 229 334 82 123 
4 9 577 61 637 168 229 334 82 123 
4 9 577 61 637 169 229 334 82 123 
4 9 577 61 637 170 229 334 82 123 
4 9 577 61 637 171 229 332 82 123 
4 9 577 61 637 172 229 332 82 123 
4 9 577 61 637 173 231 332 82 123 
4 9 577 61 637 174 231 331 82 121 
4 9 577 61 637 175 231 331 82 121 
4 9 577 61 637 176 231 331 82 121 
4 9 577 61 637 177 231 331 82 121 
4 9 577 61 637 178 231 329 82 123 
4 9 577 61 637 179 231 329 82 123 
4 9 577 61 637 180 231 329 82 123 
4 9 577 61 637 181 233 329 82 123 
4 9 577 61 637 182 233 327 82 123 
4 9 577 61 637 183 233 327 82 123 
4 9 577 61 637 184 233 327 82 123 
4 9 577 61 637 185 233 325 82 123 
4 9 577 61 637 186 233 325 82 123 
4 9 577 61 637 187 233 325 82 123 
4 9 577 61 637 188 233 325 82 123 
4 9 577 61 637 189 233 323 82 123 
4 9 577 61 637 190 236 323 80 123 
4 9 577 61 637 191 236 323 80 123 
4 9 577 61 637 192 236 322 80 121 
4 9 577 61 637 193 236 322 80 121 
4 9 577 61 637 194 236 322 80 121 
4 9 577 61 637 195 236 322 80 121 
4 9 577 61 637 196 236 320 80 123 
4 9 577 61 637 197 236 320 80 123 
4 9 577 61 637 198 236 320 82 123 
4 9 577 61 637 199 236 318 82 123 
4 9 577 61 637 200 236 318 82 123 
4 9 577 61 637 201 236 318 82 123 
4 9 577 61 637 202 236 318 82 123 
4 9 577 61 637 203 236 316 82 123 
4 9 577 61 637 204 236 316 82 123 
4 9 577 61 637 205 236 316 82 123 
4 9 577 61 637 206 238 316 82 123 
4 9 577 61 637 207 238 315 82 121 
4 9 577 61 637 208 238 315 82 121 
4 9 577 61 637 209 238 315 82 121 
4 9 577 61 637 210 238 315 82 121 
4 9 577 61 637 211 238 313 82 123 
4 9 577 61 637 212 240 313 82 123 
4 9 577 61 637 213 240 313 82 123 
4 9 577 61 637 214 240 313 82 123 
4 9 577 61 637 215 240 314 82 120 
4 9 577 61 637 216 240 311 82 123 
4 9 577 61 637 217 242 311 82 123 
4 9 577 61 637 218 242 311 82 123 
4 9 577 61 637 219 242 312 82 120 
4 9 577 61 637 220 242 312 82 120 
4 9 577 61 637 221 242 309 82 123 
4 9 577 61 637 222 243 309 82 123 
4 9 577 61 637 223 243 310 82 120 
4 9 577 61 637 224 243 310 82 120 
4 9 577 61 637 225 243 310 82 120 
4 9 577 61 637 226 243 307 82 123 
4 9 577 61 637 227 243 308 82 120 
4 9 577 61 637 228 245 308 82 120 
4 9 577 61 637 229 245 308 82 120 
4 9 577 61 637 230 245 308 82 120 
4 9 577 61 637 231 245 307 82 120 
4 9 577 61 637 232 245 307 82 120 
4 9 577 61 637 233 247 307 82 120 
4 9 577 61 637 234 247 307 82 120 
4 9 577 61 637 235 247 305 82 120 
4 9 577 61 637 236 247 305 82 120 
4 9 577 61 637 237 247 305 82 120 
4 9 577 61 637 238 249 305 82 120 
4 9 577 61 637 239 249 305 82 117 
4 9 577 61 637 240 249 303 82 120 
4 9 577 61 637 241 249 303 82 120 
4 9 577 61 637 242 249 303 82 120 
4 9 577 61 637 243 249 303 82 117 
4 9 577 61 637 244 252 303 80 117 
4 9 577 61 637 245 252 301 80 120 
4 9 577 61 637 246 252 301 80 120 
4 9 577 61 637 247 252 301 80 118 
4 9 577 61 637 248 252 301 80 118 
4 9 577 61 637 249 252 301 82 118 
4 9 577 61 637 250 252 300 82 120 
4 9 577 61 637 251 252 300 82 117 
4 9 577 61 637 252 252 300 82 117 
4 9 577 61 637 253 252 300 82 117 
4 9 577 61 637 254 254 300 82 117 
4 9 577 61 637 255 254 298 82 117 
4 9 577 61 637 256 254 298 82 117 
4 9 577 61 637 257 254 298 82 117 
4 9 577 61 637 258 254 298 82 117 
4 9 577 61 637 259 256 298 82 117 
4 9 577 61 637 260 256 296 82 117 
4 9 577 61 637 261 256 296 82 117 
4 9 577 61 637 262 256 296 82 117 
4 9 577 61 637 263 256 294 82 117 
4 9 577 61 637 264 256 294 82 117 
4 9 577 61 637 265 259 294 78 117 
4 9 577 61 637 266 259 294 78 117 
4 9 577 61 637 267 259 292 78 118 
4 9 577 61 637 268 258 292 82 118 
4 9 577 61 637 269 258 292 82 118 
4 9 577 61 637 270 260 292 80 118 
4 9 577 61 637 271 260 291 80 117 
4 9 577 61 637 272 260 291 80 117 
4 9 577 61 637 273 260 291 80 117 
4 9 577 61 637 274 260 289 80 117 
4 9 577 61 637 275 263 289 76 117 
4 9 577 61 637 276 262 289 78 117 
4 9 577 61 637 277 262 289 78 117 
4 9 577 61 637 278 262 287 78 117 
4 9 577 61 637 279 262 287 78 117 
4 9 577 61 637 280 265 287 74 117 
4 9 577 61 637 281 265 287 74 117 
4 9 577 61 637 282 265 285 74 118 
4 9 577 61 637 283 265 285 74 118 
4 9 577 61 637 284 264 285 78 118 
4 9 577 61 637 285 267 285 74 118 
4 9 577 61 637 286 267 284 74 117 
4 9 577 61 637 287 267 284 74 117 
4 9 577 61 637 288 267 284 74 117 
4 9 577 61 637 289 267 282 74 117 
4 9 577 61 637 290 270 282 70 117 
4 9 577 61 637 291 270 282 70 117 
4 9 577 61 637 292 269 282 74 117 
4 9 577 61 637 293 269 280 74 117 
4 9 577 61 637 294 269 280 74 117 
4 9 577 61 637 295 271 280 72 117 
4 9 577 61 637 296 271 280 72 117 
4 9 577 61 637 297 271 278 72 117 
4 9 577 61 637 298 271 278 72 117 
4 9 577 61 637 299 271 278 72 117 
4 9 577 61 637 300 273 278 72 117 
4 9 577 61 637 301 273 276 72 118 
4 9 577 61 637 302 273 276 72 118 
4 9 577 61 637 303 273 276 72 118 
4 9 577 61 637 304 273 276 72 118 
4 9 577 61 637 305 276 276 68 118 
4 9 577 61 637 306 276 276 68 115 
4 9 577 61 637 307 276 276 68 115 
4 9 577 61 637 308 276 276 68 115 
4 9 577 61 637 309 278 276 66 115 
4 9 577 61 637 310 278 276 66 115 
4 9 577 61 637 311 278 277 66 112 
4 9 577 61 637 312 278 277 66 112 
4 9 577 61 637 313 278 276 66 114 
4 9 577 61 637 314 280 276 64 114 
4 9 577 61 637 315 280 276 64 114 
4 9 577 61 637 316 280 276 64 111 
4 9 577 61 637 317 280 276 64 111 
4 9 577 61 637 318 282 276 64 111 
4 9 577 61 637 319 282 276 64 111 
4 9 577 61 637 320 282 276 64 111 
4 9 577 61 637 321 282 276 64 111 
4 9 577 61 637 322 282 276 64 109 
4 9 577 61 637 323 285 276 60 109 
4 9 577 61 637 324 285 276 60 109 
4 9 577 61 637 325 285 276 60 109 
4 9 577 61 637 326 285 274 60 112 
4 9 577 61 637 327 287 274 60 109 
4 9 577 61 637 328 287 274 60 109 
4 9 577 61 637 329 287 274 60 109 
4 9 577 61 637 330 287 274 60 109 
4 9 577 61 637 331 287 274 60 109 
4 9 577 61 637 332 290 275 56 106 
4 9 577 61 637 333 290 275 56 106 
4 9 577 61 637 334 290 275 56 106 
4 9 577 61 637 335 290 275 56 106 
4 9 577 61 637 336 290 275 58 106 
4 9 577 61 637 337 290 275 58 103 
4 9 577 61 637 338 290 273 58 106 
4 9 577 61 637 339 290 273 58 106 
4 9 577 61 637 340 290 273 58 106 
4 9 577 61 637 341 293 273 54 106 
4 9 577 61 637 342 293 273 54 106 
4 9 577 61 637 343 293 273 54 103 
4 9 577 61 637 344 293 273 54 103 
4 9 577 61 637 345 295 273 54 103 
4 9 577 61 637 346 295 273 54 103 
4 9 577 61 637 347 295 273 54 103 
4 9 577 61 637 348 295 274 54 102 
4 9 577 61 637 349 295 274 54 102 
4 9 577 61 637 350 298 274 50 102 
4 9 577 61 637 351 298 271 50 105 
4 9 577 61 637 352 298 271 50 105 
4 9 577 61 637 353 298 272 50 102 
4 9 577 61 637 354 299 272 50 102 
4 9 577 61 637 355 299 272 50 102 
4 9 577 61 637 356 299 272 50 102 
4 9 577 61 637 357 299 272 50 102 
4 9 577 61 637 358 299 272 50 99 
4 9 577 61 637 359 302 272 46 99 
4 9 577 61 637 360 302 272 46 99 
4 9 577 61 637 361 302 272 46 99 
4 9 577 61 637 362 302 272 46 99 
4 9 577 61 637 363 304 272 46 99 
4 9 577 61 637 364 304 271 46 97 
4 9 577 61 637 365 304 271 46 97 
4 9 577 61 637 366 304 271 46 97 
4 9 577 61 637 367 304 271 46 97 
4 9 577 61 637 368 306 269 46 99 
4 9 577 61 637 369 306 269 46 99 
4 9 577 61 637 370 306 269 46 99 
4 9 577 61 637 371 306 269 46 99 
4 9 577 61 637 372 306 267 46 99 
4 9 577 61 637 373 308 267 46 99 
4 9 577 61 637 374 308 267 46 99 
4 9 577 61 637 375 308 267 46 99 
4 9 577 61 637 376 308 267 46 99 
4 9 577 61 637 377 308 265 46 99 
4 9 577 61 637 378 309 265 46 99 
4 9 577 61 637 379 309 265 46 99 
4 9 577 61 637 380 309 265 46 99 
4 9 577 61 637 381 309 263 46 99 
4 9 577 61 637 382 311 263 46 99 
4 9 577 61 637 383 311 263 46 99 
4 9 577 61 637 384 311 263 46 99 
4 9 577 61 637 385 311 263 46 99 
4 9 577 61 637 386 311 262 46 97 
4 9 577 61 637 387 313 262 46 97 
4 9 577 61 637 388 313 262 46 97 
4 9 577 61 637 389 313 262 46 97 
4 9 577 61 637 390 313 260 46 99 
4 9 577 61 637 391 313 260 46 99 
4 9 577 61 637 392 315 260 46 99 
4 9 577 61 637 393 315 260 46 99 
4 9 577 61 637 394 315 260 46 99 
4 9 577 61 637 395 315 258 46 99 
4 9 577 61 637 396 315 258 46 99 
4 9 577 61 637 397 316 258 48 99 
4 9 577 61 637 398 316 258 48 99 
4 9 577 61 637 399 316 256 48 99 
4 9 577 61 637 400 316 256 48 99 
4 9 577 61 637 401 318 256 46 99 
4 9 577 61 637 402 318 256 46 99 
4 9 577 61 637 403 318 255 46 97 
4 9 577 61 637 404 318 255 46 97 
4 9 577 61 637 405 318 255 46 97 
4 9 577 61 637 406 320 255 46 97 
4 9 577 61 637 407 320 255 46 97 
4 9 577 61 637 408 320 253 46 99 
4 9 577 61 637 409 320 253 46 99 
4 9 577 61 637 410 320 253 46 99 
4 9 577 61 637 411 322 253 46 99 
4 9 577 61 637 412 322 251 46 99 
4 9 577 61 637 413 322 251 46 99 
4 9 577 61 637 414 322 251 46 99 
4 9 577 61 637 415 322 251 46 99 
4 9 577 61 637 416 324 251 46 99 
4 9 577 61 637 417 324 249 46 99 
4 9 577 61 637 418 324 249 46 99 
4 9 577 61 637 419 324 249 46 99 
4 9 577 61 637 420 325 249 46 99 
4 9 577 61 637 421 325 247 46 99 
4 9 577 61 637 422 325 247 46 99 
4 9 577 61 637 423 325 247 46 99 
4 9 577 61 637 424 325 247 46 99 
4 9 577 61 637 425 327 247 46 99 
4 9 577 61 637 426 327 246 46 97 
4 9 577 61 637 427 327 246 46 97 
4 9 577 61 637 428 327 246 46 97 
4 9 577 61 637 429 327 246 46 97 
4 9 577 61 637 430 329 244 46 99 
4 9 577 61 637 431 329 244 46 99 
4 9 577 61 637 432 329 244 46 99 
4 9 577 61 637 433 329 244 46 99 
4 9 577 61 637 434 331 244 46 99 
4 9 577 61 637 435 331 242 46 99 
4 9 577 61 637 436 331 242 46 99 
4 9 577 61 637 437 331 242 46 99 
4 9 577 61 637 438 332 242 48 99 
4 9 577 61 637 439 332 242 48 99 
4 9 577 61 637 440 332 243 48 96 
4 9 577 61 637 441 334 243 46 96 
4 9 577 61 637 442 334 243 46 96 
4 9 577 61 637 443 334 243 46 96 
4 9 577 61 637 444 334 243 46 96 
4 9 577 61 637 445 336 243 46 96 
4 9 577 61 637 446 336 241 46 96 
4 9 577 61 637 447 336 241 46 96 
4 9 577 61 637 448 338 241 46 96 
4 9 577 61 637 449 338 241 46 96 
4 9 577 61 637 450 338 241 46 96 
4 9 577 61 637 451 338 241 46 96 
4 9 577 61 637 452 340 241 46 94 
4 9 577 61 637 453 340 241 46 94 
4 9 577 61 637 454 340 241 46 94 
4 9 577 61 637 455 341 241 46 94 
4 9 577 61 637 456 341 241 46 94 
4 9 577 61 637 457 341 241 46 94 
4 9 577 61 637 458 341 240 46 93 
4 9 577 61 637 459 343 240 46 93 
4 9 577 61 637 460 343 240 46 93 
4 9 577 61 637 461 343 240 46 93 
4 9 577 61 637 462 345 240 46 93 
4 9 577 61 637 463 345 240 46 93 
4 9 577 61 637 464 345 241 46 90 
4 9 577 61 637 465 345 241 46 90 
4 9 577 61 637 466 347 241 46 90 
4 9 577 61 637 467 347 241 46 90 
4 9 577 61 637 468 347 241 46 90 
4 9 577 61 637 469 348 241 48 90 
4 9 577 61 637 470 348 239 48 90 
4 9 577 61 637 471 348 239 48 90 
4 9 577 61 637 472 348 239 48 90 
4 9 577 61 637 473 350 239 46 90 
4 9 577 61 637 474 350 239 46 90 
4 9 577 61 637 475 350 239 46 87 
4 9 577 61 637 476 352 239 46 87 
4 9 577 61 637 477 352 239 46 87 
4 9 577 61 637 478 352 239 46 87 
4 9 577 61 637 479 352 239 46 87 
4 9 577 61 637 480 354 239 46 87 
4 9 577 61 637 481 354 237 46 88 
4 9 577 61 637 482 354 237 46 88 
4 9 577 61 637 483 356 237 46 88 
4 9 577 61 637 484 356 237 46 88 
4 9 577 61 637 485 356 237 46 88 
4 9 577 61 637 486 356 237 46 88 
4 9 577 61 637 487 357 237 46 85 
4 9 577 61 637 488 357 237 46 85 
4 9 577 61 637 489 357 237 46 85 
4 9 577 61 637 490 359 237 46 85 
4 9 577 61 637 491 359 237 46 85 
4 9 577 61 637 492 359 237 46 85 
4 9 577 61 637 493 359 235 46 85 
4 9 577 61 637 494 361 235 46 85 
4 9 577 61 637 495 361 235 46 85 
4 9 577 61 637 496 361 235 46 85 
4 9 577 61 637 497 363 235 46 85 
4 9 577 61 637 498 363 235 46 85 
4 9 577 61 637 499 363 236 46 82 
4 9 577 61 637 500 363 236 46 82 
4 9 577 61 637 501 364 236 48 82 
4 9 577 61 637 502 364 236 48 82 
4 9 577 61 637 503 364 236 48 82 
4 9 577 61 637 504 366 236 46 82 
4 9 577 61 637 505 366 234 46 84 
4 9 577 61 637 506 366 234 46 84 
4 9 577 61 637 507 366 234 46 84 
4 9 577 61 637 508 366 234 46 84 
4 9 577 61 637 509 368 234 46 84 
4 9 577 61 637 510 368 234 46 84 
4 9 577 61 637 511 368 233 46 82 
4 9 577 61 637 512 368 233 46 82 
4 9 577 61 637 513 368 233 46 82 
4 9 577 61 637 514 370 233 46 82 
4 9 577 61 637 515 370 233 46 82 
4 9 577 61 637 516 370 233 46 82 
4 9 577 61 637 517 370 231 46 82 
4 9 577 61 637 518 370 231 46 82 
4 9 577 61 637 519 372 231 46 82 
4 9 577 61 637 520 372 231 46 82 
4 9 577 61 637 521 372 231 46 82 
4 9 577 61 637 522 372 231 46 82 
4 9 577 61 637 523 372 229 46 82 
4 9 577 61 637 524 373 229 46 82 
4 9 577 61 637 525 373 229 46 82 
4 9 577 61 637 526 373 229 46 82 
4 9 577 61 637 527 373 229 46 82 
4 9 577 61 637 528 375 229 46 82 
4 9 577 61 637 529 375 227 46 82 
4 9 577 61 637 530 375 227 46 82 
4 9 577 61 637 531 375 227 46 82 
4 9 577 61 637 532 375 227 46 82 
4 9 577 61 637 533 377 227 46 82 
4 9 577 61 637 534 377 227 46 82 
4 9 577 61 637 535 377 227 46 82 
4 9 577 61 637 536 377 226 46 82 
4 9 577 61 637 537 377 226 46 82 
4 9 577 61 637 538 379 226 46 82 
4 9 577 61 637 539 379 226 46 82 
4 9 577 61 637 540 379 226 46 82 
4 9 577 61 637 541 379 226 46 82 
4 9 577 61 637 542 379 224 46 82 
4 9 577 61 637 543 380 224 48 82 
4 9 577 61 637 544 380 224 48 82 
4 9 577 61 637 545 380 224 48 82 
4 9 577 61 637 546 380 224 48 82 
4 9 577 61 637 547 382 224 46 82 
4 9 577 61 637 548 382 222 46 82 
4 9 577 61 637 549 382 222 46 82 
4 9 577 61 637 550 382 222 46 82 
4 9 577 61 637 551 382 222 46 82 
4 9 577 61 637 552 384 222 46 82 
4 9 577 61 637 553 384 222 46 82 
4 9 577 61 637 554 384 220 46 82 
4 9 577 61 637 555 384 220 46 82 
4 9 577 61 637 556 384 220 46 82 
4 9 577 61 637 557 386 220 46 82 
4 9 577 61 637 558 386 220 46 82 
4 9 577 61 637 559 386 220 46 82 
4 9 577 61 637 560 386 218 46 84 
4 9 577 61 637 561 386 218 46 84 
4 9 577 61 637 562 388 218 46 84 
4 9 577 61 637 563 388 218 46 84 
4 9 577 61 637 564 388 218 46 84 
4 9 577 61 637 565 388 218 46 84 
4 9 577 61 637 566 389 218 46 84 
4 9 577 61 637 567 389 217 46 82 
4 9 577 61 637 568 389 217 46 82 
4 9 577 61 637 569 389 217 46 82 
4 9 577 61 637 570 391 217 46 82 
4 9 577 61 637 571 391 217 46 82 
4 9 577 61 637 572 391 217 46 82 
4 9 577 61 637 573 391 217 46 82 
4 9 577 61 637 574 393 217 46 82 
4 9 577 61 637 575 393 217 46 82 
4 9 577 61 637 576 393 217 46 82 
4 9 577 61 637 577 393 217 46 82 
4 9 577 61 637 578 395 217 46 82 
4 9 577 61 637 579 395 217 46 82 
4 9 577 61 637 580 395 217 46 82 
4 9 577 61 637 581 395 217 46 82 
4 9 577 61 637 582 396 217 48 82 
4 9 577 61 637 583 396 217 48 82 
4 9 577 61 637 584 396 215 48 82 
4 9 577 61 637 585 398 215 46 82 
4 9 577 61 637 586 398 215 46 82 
4 9 577 61 637 587 398 215 46 82 
4 9 577 61 637 588 398 215 46 82 
4 9 577 61 637 589 400 215 46 82 
4 9 577 61 637 590 400 215 46 82 
4 9 577 61 637 591 400 215 46 82 
4 9 577 61 637 592 400 215 46 82 
4 9 577 61 637 593 402 215 46 82 
4 9 577 61 637 594 402 215 46 82 
4 9 577 61 637 595 402 215 46 82 
4 9 577 61 637 596 402 215 46 82 
4 9 577 61 637 597 404 215 46 82 
4 9 577 61 637 598 404 215 46 82 
4 9 577 61 637 599 404 215 46 82 
4 9 577 61 637 600 405 215 46 82 
4 9 577 61 637 601 405 213 46 82 
4 9 577 61 637 602 405 213 46 82 
4 9 577 61 637 603 404 213 50 82 
4 9 577 61 637 604 407 213 46 82 
4 9 577 61 637 605 407 213 46 82 
4 9 577 61 637 606 406 213 50 82 
4 9 577 61 637 607 406 213 50 82 
4 9 577 61 637 608 409 213 46 82 
4 9 577 61 637 609 408 213 50 82 
4 9 577 61 637 610 408 210 50 85 
4 9 577 61 637 611 408 210 50 85 
4 9 577 61 637 612 410 210 50 85 
4 9 577 61 637 613 410 210 50 85 
4 9 577 61 637 614 410 210 50 85 
4 9 577 61 637 615 411 210 50 85 
4 9 577 61 637 616 411 210 50 85 
4 9 577 61 637 617 411 210 50 85 
4 9 577 61 637 618 410 210 54 85 
4 9 577 61 637 619 413 209 50 87 
4 9 577 61 637 620 412 209 54 87 
4 9 577 61 637 621 412 209 54 87 
4 9 577 61 637 622 412 209 54 87 
4 9 577 61 637 623 414 209 54 87 
4 9 577 61 637 624 414 209 54 87 
4 9 577 61 637 625 414 209 54 87 
4 9 577 61 637 626 417 209 52 87 
4 9 577 61 637 627 417 209 52 87 
4 9 577 61 637 628 417 207 52 90 
4 9 577 61 637 629 416 207 56 90 
4 9 577 61 637 630 419 207 52 90 
4 9 577 61 637 631 419 207 52 90 
4 9 577 61 637 632 418 207 56 90 
4 9 577 61 637 633 418 207 56 90 
4 9 577 61 637 634 419 207 54 90 
4 9 577 61 637 635 418 207 58 90 
4 9 577 61 637 636 418 207 58 90 
4 9 577 61 637 637 420 207 58 90 
5 9 123 0 122 0 785 205 62 78 
5 9 123 0 122 1 788 203 60 78 
5 9 123 0 122 2 790 203 60 78 
5 9 123 0 122 3 792 203 60 78 
5 9 123 0 122 4 792 203 62 78 
5 9 123 0 122 5 795 203 60 78 
5 9 123 0 122 6 797 203 60 78 
5 9 123 0 122 7 799 202 60 76 
5 9 123 0 122 8 801 202 60 76 
5 9 123 0 122 9 801 202 62 76 
5 9 123 0 122 10 804 202 60 76 
5 9 123 0 122 11 806 202 60 76 
5 9 123 0 122 12 808 202 60 76 
5 9 123 0 122 13 808 202 62 76 
5 9 123 0 122 14 811 200 60 76 
5 9 123 0 122 15 813 200 60 76 
5 9 123 0 122 16 815 200 60 76 
5 9 123 0 122 17 817 200 60 76 
5 9 123 0 122 18 817 200 62 76 
5 9 123 0 122 19 820 200 60 76 
5 9 123 0 122 20 825 200 56 76 
5 9 123 0 122 21 825 200 58 76 
5 9 123 0 122 22 827 200 58 76 
5 9 123 0 122 23 830 200 56 76 
5 9 123 0 122 24 832 200 56 76 
5 9 123 0 122 25 834 200 56 76 
5 9 123 0 122 26 834 200 58 76 
5 9 123 0 122 27 836 200 58 76 
5 9 123 0 122 28 839 200 56 76 
5 9 123 0 122 29 841 200 56 76 
5 9 123 0 122 30 843 200 58 76 
5 9 123 0 122 31 846 200 56 76 
5 9 123 0 122 32 848 200 56 76 
5 9 123 0 122 33 850 200 56 76 
5 9 123 0 122 34 850 200 58 76 
5 9 123 0 122 35 852 200 58 76 
5 9 123 0 122 36 855 200 56 76 
5 9 123 0 122 37 857 200 56 76 
5 9 123 0 122 38 857 200 58 76 
5 9 123 0 122 39 862 202 56 76 
5 9 123 0 122 40 862 200 56 76 
5 9 123 0 122 41 864 200 56 76 
5 9 123 0 122 42 866 200 56 76 
5 9 123 0 122 43 866 200 58 76 
5 9 123 0 122 44 868 200 58 76 
5 9 123 0 122 45 871 200 56 76 
5 9 123 0 122 46 873 200 56 76 
5 9 123 0 122 47 873 200 58 76 
5 9 123 0 122 48 875 200 58 76 
5 9 123 0 122 49 878 198 56 78 
5 9 123 0 122 50 880 198 56 78 
5 9 123 0 122 51 882 198 56 78 
5 9 123 0 122 52 882 198 58 78 
5 9 123 0 122 53 884 198 58 78 
5 9 123 0 122 54 887 198 56 78 
5 9 123 0 122 55 889 198 56 78 
5 9 123 0 122 56 889 198 58 78 
5 9 123 0 122 57 891 198 58 78 
5 9 123 0 122 58 894 198 56 78 
5 9 123 0 122 59 894 195 56 81 
5 9 123 0 122 60 896 195 56 81 
5 9 123 0 122 61 898 195 56 81 
5 9 123 0 122 62 898 194 58 82 
5 9 123 0 122 63 898 194 58 82 
5 9 123 0 122 64 900 194 58 82 
5 9 123 0 122 65 903 191 56 85 
5 9 123 0 122 66 905 191 56 85 
5 9 123 0 122 67 905 191 56 85 
5 9 123 0 122 68 905 189 58 88 
5 9 123 0 122 69 907 189 58 88 
5 9 123 0 122 70 910 189 56 88 
5 9 123 0 122 71 912 189 56 88 
5 9 123 0 122 72 912 187 56 88 
5 9 123 0 122 73 912 187 56 88 
5 9 123 0 122 74 912 187 56 88 
5 9 123 0 122 75 914 187 56 88 
5 9 123 0 122 76 914 187 56 88 
5 9 123 0 122 77 914 187 56 88 
5 9 123 0 122 78 914 187 58 88 
5 9 123 0 122 79 914 187 58 88 
5 9 123 0 122 80 914 187 58 88 
5 9 123 0 122 81 914 187 58 88 
5 9 123 0 122 82 914 187 58 88 
5 9 123 0 122 83 914 187 58 88 
5 9 123 0 122 84 914 187 58 88 
5 9 123 0 122 85 914 187 58 88 
5 9 123 0 122 86 914 187 58 88 
5 9 123 0 122 87 914 187 58 88 
5 9 123 0 122 88 916 187 58 88 
5 9 123 0 122 89 916 187 58 88 
5 9 123 0 122 90 916 187 58 88 
5 9 123 0 122 91 916 187 58 88 
5 9 123 0 122 92 916 187 58 88 
5 9 123 0 122 93 916 187 58 88 
5 9 123 0 122 94 916 187 58 88 
5 9 123 0 122 95 916 187 58 88 
5 9 123 0 122 96 916 187 58 88 
5 9 123 0 122 97 916 187 58 88 
5 9 123 0 122 98 919 187 56 88 
5 9 123 0 122 99 919 187 56 88 
5 9 123 0 122 100 919 187 56 88 
5 9 123 0 122 101 919 187 56 88 
5 9 123 0 122 102 919 187 56 88 
5 9 123 0 122 103 919 187 56 88 
5 9 123 0 122 104 919 187 56 88 
5 9 123 0 122 105 919 187 56 88 
5 9 123 0 122 106 919 187 56 88 
5 9 123 0 122 107 919 187 56 88 
5 9 123 0 122 108 921 187 56 88 
5 9 123 0 122 109 921 187 56 88 
5 9 123 0 122 110 922 187 54 88 
5 9 123 0 122 111 925 187 50 88 
5 9 123 0 122 112 928 187 46 88 
5 9 123 0 122 113 930 187 46 88 
5 9 123 0 122 114 930 187 46 88 
5 9 123 0 122 115 930 187 46 88 
5 9 123 0 122 116 930 187 46 88 
5 9 123 0 122 117 930 187 46 88 
5 9 123 0 122 118 930 187 46 88 
5 9 123 0 122 119 930 187 46 88 
5 9 123 0 122 120 935 185 46 88 
5 9 123 0 122 121 935 185 46 88 
5 9 123 0 122 122 935 185 46 88 
6 9 444 194 637 194 1223 205 56 111 
6 9 444 194 637 195 1223 205 56 111 
6 9 444 194 637 196 1221 205 58 111 
6 9 444 194 637 197 1219 205 60 111 
6 9 444 194 637 198 1219 206 60 112 
6 9 444 194 637 199 1216 205 63 111 
6 9 444 194 637 200 1211 205 68 111 
6 9 444 194 637 201 1210 205 64 111 
6 9 444 194 637 202 1206 205 66 111 
6 9 444 194 637 203 1205 205 64 111 
6 9 444 194 637 204 1200 205 68 111 
6 9 444 194 637 205 1200 205 64 111 
6 9 444 194 637 206 1195 205 68 111 
6 9 444 194 637 207 1190 203 72 111 
6 9 444 194 637 208 1190 203 66 111 
6 9 444 194 637 209 1185 203 72 111 
6 9 444 194 637 210 1184 203 68 111 
6 9 444 194 637 211 1180 203 70 111 
6 9 444 194 637 212 1179 203 68 111 
6 9 444 194 637 213 1174 203 72 111 
6 9 444 194 637 214 1173 203 70 111 
6 9 444 194 637 215 1169 203 72 111 
6 9 444 194 637 216 1167 203 72 111 
6 9 444 194 637 217 1166 203 70 111 
6 9 444 194 637 218 1164 203 70 111 
6 9 444 194 637 219 1162 203 72 111 
6 9 444 194 637 220 1157 203 76 111 
6 9 444 194 637 221 1156 203 74 111 
6 9 444 194 637 222 1155 203 70 114 
6 9 444 194 637 223 1153 203 72 114 
6 9 444 194 637 224 1151 203 72 114 
6 9 444 194 637 225 1147 203 74 114 
6 9 444 194 637 226 1145 203 74 114 
6 9 444 194 637 227 1143 203 76 114 
6 9 444 194 637 228 1141 203 76 114 
6 9 444 194 637 229 1140 205 74 114 
6 9 444 194 637 230 1136 203 74 114 
6 9 444 194 637 231 1134 203 76 111 
6 9 444 194 637 232 1131 203 74 109 
6 9 444 194 637 233 1129 204 74 106 
6 9 444 194 637 234 1127 204 76 103 
6 9 444 194 637 235 1124 205 74 100 
6 9 444 194 637 236 1122 205 74 100 
6 9 444 194 637 237 1120 203 74 102 
6 9 444 194 637 238 1117 203 74 99 
6 9 444 194 637 239 1115 204 74 96 
6 9 444 194 637 240 1113 204 74 93 
6 9 444 194 637 241 1109 205 76 90 
6 9 444 194 637 242 1108 205 74 88 
6 9 444 194 637 243 1106 205 74 88 
6 9 444 194 637 244 1102 205 76 88 
6 9 444 194 637 245 1099 205 74 88 
6 9 444 194 637 246 1097 205 74 88 
6 9 444 194 637 247 1093 205 76 88 
6 9 444 194 637 248 1092 205 74 88 
6 9 444 194 637 249 1088 205 74 88 
6 9 444 194 637 250 1086 205 76 88 
6 9 444 194 637 251 1083 205 74 88 
6 9 444 194 637 252 1081 205 74 88 
6 9 444 194 637 253 1077 205 76 88 
6 9 444 194 637 254 1076 205 74 88 
6 9 444 194 637 255 1072 205 74 88 
6 9 444 194 637 256 1070 205 76 88 
6 9 444 194 637 257 1067 205 74 88 
6 9 444 194 637 258 1065 205 74 88 
6 9 444 194 637 259 1063 205 76 88 
6 9 444 194 637 260 1061 205 76 88 
6 9 444 194 637 261 1058 205 74 88 
6 9 444 194 637 262 1056 205 74 88 
6 9 444 194 637 263 1054 205 76 88 
6 9 444 194 637 264 1053 205 74 88 
6 9 444 194 637 265 1049 205 74 88 
6 9 444 194 637 266 1047 205 76 88 
6 9 444 194 637 267 1045 205 76 88 
6 9 444 194 637 268 1044 205 74 88 
6 9 444 194 637 269 1040 205 74 88 
6 9 444 194 637 270 1038 205 76 88 
6 9 444 194 637 271 1037 205 74 88 
6 9 444 194 637 272 1035 205 74 88 
6 9 444 194 637 273 1031 205 76 88 
6 9 444 194 637 274 1029 205 76 88 
6 9 444 194 637 275 1028 205 74 88 
6 9 444 194 637 276 1026 205 74 88 
6 9 444 194 637 277 1024 207 74 87 
6 9 444 194 637 278 1021 205 74 90 
6 9 444 194 637 279 1019 205 74 90 
6 9 444 194 637 280 1017 204 74 93 
6 9 444 194 637 281 1013 204 76 93 
6 9 444 194 637 282 1012 204 74 96 
6 9 444 194 637 283 1010 204 74 96 
6 9 444 194 637 284 1006 203 76 99 
6 9 444 194 637 285 1005 203 74 99 
6 9 444 194 637 286 1003 201 74 102 
6 9 444 194 637 287 999 200 76 105 
6 9 444 194 637 288 997 200 76 105 
6 9 444 194 637 289 996 200 74 106 
6 9 444 194 637 290 992 200 74 106 
6 9 444 194 637 291 990 199 76 109 
6 9 444 194 637 292 989 199 74 109 
6 9 444 194 637 293 987 199 74 112 
6 9 444 194 637 294 983 199 76 112 
6 9 444 194 637 295 981 199 76 112 
6 9 444 194 637 296 980 199 74 112 
6 9 444 194 637 297 978 199 74 112 
6 9 444 194 637 298 976 199 74 112 
6 9 444 194 637 299 974 199 76 112 
6 9 444 194 637 300 973 199 74 112 
6 9 444 194 637 301 969 199 74 109 
6 9 444 194 637 302 967 199 76 109 
6 9 444 194 637 303 965 199 76 109 
6 9 444 194 637 304 964 199 74 109 
6 9 444 194 637 305 962 199 74 109 
6 9 444 194 637 306 960 199 74 109 
6 9 444 194 637 307 958 199 76 109 
6 9 444 194 637 308 957 199 74 109 
6 9 444 194 637 309 955 199 74 109 
6 9 444 194 637 310 953 199 74 109 
6 9 444 194 637 311 951 200 76 106 
6 9 444 194 637 312 949 200 76 106 
6 9 444 194 637 313 948 200 74 106 
6 9 444 194 637 314 946 200 74 106 
6 9 444 194 637 315 945 200 72 106 
6 9 444 194 637 316 943 200 72 106 
6 9 444 194 637 317 942 200 70 106 
6 9 444 194 637 318 940 200 70 106 
6 9 444 194 637 319 938 200 72 106 
6 9 444 194 637 320 936 200 72 106 
6 9 444 194 637 321 934 200 72 106 
6 9 444 194 637 322 933 200 70 105 
6 9 444 194 637 323 931 200 70 105 
6 9 444 194 637 324 929 200 72 105 
6 9 444 194 637 325 927 200 72 105 
6 9 444 194 637 326 926 200 70 105 
6 9 444 194 637 327 924 200 70 105 
6 9 444 194 637 328 922 200 72 105 
6 9 444 194 637 329 921 200 68 105 
6 9 444 194 637 330 919 200 68 105 
6 9 444 194 637 331 918 200 66 105 
6 9 444 194 637 332 916 201 68 102 
6 9 444 194 637 333 914 201 68 102 
6 9 444 194 637 334 912 201 68 102 
6 9 444 194 637 335 911 201 66 102 
6 9 444 194 637 336 909 201 68 102 
6 9 444 194 637 337 907 201 68 102 
6 9 444 194 637 338 905 201 68 102 
6 9 444 194 637 339 903 201 68 102 
6 9 444 194 637 340 902 201 66 102 
6 9 444 194 637 341 900 201 68 102 
6 9 444 194 637 342 898 201 68 102 
6 9 444 194 637 343 896 199 68 102 
6 9 444 194 637 344 895 199 66 102 
6 9 444 194 637 345 893 199 68 102 
6 9 444 194 637 346 891 199 68 102 
6 9 444 194 637 347 889 199 68 102 
6 9 444 194 637 348 887 199 68 102 
6 9 444 194 637 349 886 199 66 102 
6 9 444 194 637 350 884 199 68 102 
6 9 444 194 637 351 882 199 68 102 
6 9 444 194 637 352 882 199 68 102 
6 9 444 194 637 353 880 199 68 102 
6 9 444 194 637 354 879 199 66 102 
6 9 444 194 637 355 877 199 68 102 
6 9 444 194 637 356 875 199 68 102 
6 9 444 194 637 357 873 199 68 102 
6 9 444 194 637 358 871 199 68 102 
6 9 444 194 637 359 870 199 66 102 
6 9 444 194 637 360 868 199 68 102 
6 9 444 194 637 361 868 199 68 102 
6 9 444 194 637 362 866 199 68 102 
6 9 444 194 637 363 864 199 68 102 
6 9 444 194 637 364 863 199 66 102 
6 9 444 194 637 365 861 199 68 102 
6 9 444 194 637 366 859 199 68 102 
6 9 444 194 637 367 857 199 68 102 
6 9 444 194 637 368 855 199 68 102 
6 9 444 194 637 369 854 199 66 102 
6 9 444 194 637 370 854 199 66 102 
6 9 444 194 637 371 852 199 68 102 
6 9 444 194 637 372 850 199 68 102 
6 9 444 194 637 373 848 199 68 102 
6 9 444 194 637 374 847 199 66 102 
6 9 444 194 637 375 845 199 68 102 
6 9 444 194 637 376 843 199 68 102 
6 9 444 194 637 377 841 199 68 102 
6 9 444 194 637 378 839 199 68 102 
6 9 444 194 637 379 839 199 68 102 
6 9 444 194 637 380 838 199 66 102 
6 9 444 194 637 381 836 199 68 102 
6 9 444 194 637 382 834 199 68 102 
6 9 444 194 637 383 832 199 68 102 
6 9 444 194 637 384 831 199 66 102 
6 9 444 194 637 385 829 199 68 102 
6 9 444 194 637 386 827 199 68 102 
6 9 444 194 637 387 825 199 68 102 
6 9 444 194 637 388 825 199 68 102 
6 9 444 194 637 389 823 199 68 102 
6 9 444 194 637 390 822 199 66 102 
6 9 444 194 637 391 820 199 68 102 
6 9 444 194 637 392 818 199 68 102 
6 9 444 194 637 393 816 199 68 102 
6 9 444 194 637 394 815 199 66 102 
6 9 444 194 637 395 813 199 68 102 
6 9 444 194 637 396 811 199 68 102 
6 9 444 194 637 397 811 199 68 102 
6 9 444 194 637 398 809 199 68 102 
6 9 444 194 637 399 807 199 68 102 
6 9 444 194 637 400 806 199 66 102 
6 9 444 194 637 401 804 199 68 102 
6 9 444 194 637 402 802 199 68 102 
6 9 444 194 637 403 800 199 68 102 
6 9 444 194 637 404 799 199 66 102 
6 9 444 194 637 405 797 199 68 102 
6 9 444 194 637 406 797 199 68 102 
6 9 444 194 637 407 795 199 68 102 
6 9 444 194 637 408 793 199 68 102 
6 9 444 194 637 409 791 199 68 102 
6 9 444 194 637 410 790 199 66 102 
6 9 444 194 637 411 788 199 68 102 
6 9 444 194 637 412 786 199 68 102 
6 9 444 194 637 413 784 199 68 102 
6 9 444 194 637 414 783 199 66 102 
6 9 444 194 637 415 783 199 66 102 
6 9 444 194 637 416 781 199 68 102 
6 9 444 194 637 417 779 199 68 102 
6 9 444 194 637 418 777 199 68 102 
6 9 444 194 637 419 775 199 68 102 
6 9 444 194 637 420 776 199 64 102 
6 9 444 194 637 421 774 199 66 102 
6 9 444 194 637 422 772 199 68 102 
6 9 444 194 637 423 770 199 68 102 
6 9 444 194 637 424 771 199 64 102 
6 9 444 194 637 425 769 199 64 102 
6 9 444 194 637 426 767 199 66 102 
6 9 444 194 637 427 765 199 68 102 
6 9 444 194 637 428 766 199 64 102 
6 9 444 194 637 429 764 199 64 102 
6 9 444 194 637 430 762 199 64 102 
6 9 444 194 637 431 760 199 64 102 
6 9 444 194 637 432 760 199 64 102 
6 9 444 194 637 433 759 199 64 102 
6 9 444 194 637 434 757 199 64 102 
6 9 444 194 637 435 755 199 64 102 
6 9 444 194 637 436 753 199 64 102 
6 9 444 194 637 437 753 199 64 102 
6 9 444 194 637 438 752 199 64 102 
6 9 444 194 637 439 750 199 64 102 
6 9 444 194 637 440 748 199 64 102 
6 9 444 194 637 441 749 199 60 102 
6 9 444 194 637 442 747 199 60 102 
6 9 444 194 637 443 744 199 64 102 
6 9 444 194 637 444 743 199 64 102 
6 9 444 194 637 445 744 199 60 102 
6 9 444 194 637 446 742 199 60 102 
6 9 444 194 637 447 740 199 60 102 
6 9 444 194 637 448 737 199 64 102 
6 9 444 194 637 449 737 199 62 102 
6 9 444 194 637 450 737 199 60 102 
6 9 444 194 637 451 735 199 60 102 
6 9 444 194 637 452 733 199 60 102 
6 9 444 194 637 453 733 199 60 102 
6 9 444 194 637 454 731 199 60 99 
6 9 444 194 637 455 728 199 62 99 
6 9 444 194 637 456 728 199 60 99 
6 9 444 194 637 457 726 199 60 99 
6 9 444 194 637 458 724 199 60 99 
6 9 444 194 637 459 721 199 62 99 
6 9 444 194 637 460 721 199 60 99 
6 9 444 194 637 461 719 199 60 99 
6 9 444 194 637 462 717 199 60 99 
6 9 444 194 637 463 715 199 60 99 
6 9 444 194 637 464 712 199 62 99 
6 9 444 194 637 465 712 199 62 99 
6 9 444 194 637 466 712 199 60 99 
6 9 444 194 637 467 710 199 60 99 
6 9 444 194 637 468 708 199 60 99 
6 9 444 194 637 469 705 199 62 99 
6 9 444 194 637 470 705 199 60 99 
6 9 444 194 637 471 703 199 60 99 
6 9 444 194 637 472 701 199 60 99 
6 9 444 194 637 473 699 199 60 99 
6 9 444 194 637 474 696 199 62 99 
6 9 444 194 637 475 696 199 60 99 
6 9 444 194 637 476 694 199 60 99 
6 9 444 194 637 477 694 199 60 99 
6 9 444 194 637 478 692 199 60 99 
6 9 444 194 637 479 689 199 62 99 
6 9 444 194 637 480 689 199 60 99 
6 9 444 194 637 481 687 199 60 99 
6 9 444 194 637 482 685 199 60 99 
6 9 444 194 637 483 683 199 60 99 
6 9 444 194 637 484 680 199 62 99 
6 9 444 194 637 485 680 199 60 99 
6 9 444 194 637 486 678 199 60 99 
6 9 444 194 637 487 676 199 60 99 
6 9 444 194 637 488 673 199 62 99 
6 9 444 194 637 489 673 199 62 99 
6 9 444 194 637 490 673 199 60 99 
6 9 444 194 637 491 671 199 60 99 
6 9 444 194 637 492 669 199 60 99 
6 9 444 194 637 493 667 199 60 99 
6 9 444 194 637 494 664 199 62 99 
6 9 444 194 637 495 664 199 60 99 
6 9 444 194 637 496 662 199 60 99 
6 9 444 194 637 497 660 199 60 99 
6 9 444 194 637 498 657 199 62 99 
6 9 444 194 637 499 657 199 60 99 
6 9 444 194 637 500 655 199 60 99 
6 9 444 194 637 501 655 202 60 96 
6 9 444 194 637 502 653 200 60 96 
6 9 444 194 637 503 651 200 60 96 
6 9 444 194 637 504 651 200 58 96 
6 9 444 194 637 505 648 200 62 96 
6 9 444 194 637 506 648 200 60 96 
6 9 444 194 637 507 649 200 56 96 
6 9 444 194 637 508 646 200 60 96 
6 9 444 194 637 509 644 200 60 96 
6 9 444 194 637 510 644 200 58 96 
6 9 444 194 637 511 642 200 58 96 
6 9 444 194 637 512 641 200 60 96 
6 9 444 194 637 513 642 200 56 96 
6 9 444 194 637 514 640 200 56 96 
6 9 444 194 637 515 637 200 60 96 
6 9 444 194 637 516 638 200 56 96 
6 9 444 194 637 517 635 200 58 96 
6 9 444 194 637 518 633 200 58 96 
6 9 444 194 637 519 633 200 58 94 
6 9 444 194 637 520 633 200 56 94 
6 9 444 194 637 521 631 200 56 94 
6 9 444 194 637 522 631 200 56 94 
6 9 444 194 637 523 628 200 58 94 
6 9 444 194 637 524 626 200 58 94 
6 9 444 194 637 525 627 200 54 94 
6 9 444 194 637 526 626 200 56 94 
6 9 444 194 637 527 624 200 56 94 
6 9 444 194 637 528 625 200 52 94 
6 9 444 194 637 529 622 200 56 94 
6 9 444 194 637 530 619 200 58 94 
6 9 444 194 637 531 620 200 54 94 
6 9 444 194 637 532 618 200 54 94 
6 9 444 194 637 533 617 200 56 94 
6 9 444 194 637 534 618 200 52 94 
6 9 444 194 637 535 615 200 54 94 
6 9 444 194 637 536 612 199 58 93 
6 9 444 194 637 537 613 199 54 93 
6 9 444 194 637 538 611 199 54 93 
6 9 444 194 637 539 610 199 56 93 
6 9 444 194 637 540 611 199 52 93 
6 9 444 194 637 541 609 199 52 93 
6 9 444 194 637 542 606 199 54 93 
6 9 444 194 637 543 606 199 54 93 
6 9 444 194 637 544 604 199 54 93 
6 9 444 194 637 545 602 199 54 93 
6 9 444 194 637 546 602 199 54 93 
6 9 444 194 637 547 602 199 52 93 
6 9 444 194 637 548 599 199 54 93 
6 9 444 194 637 549 600 199 50 93 
6 9 444 194 637 550 597 199 54 93 
6 9 444 194 637 551 595 199 54 93 
6 9 444 194 637 552 596 199 50 93 
6 9 444 194 637 553 595 200 52 90 
6 9 444 194 637 554 593 200 52 90 
6 9 444 194 637 555 593 200 50 90 
6 9 444 194 637 556 591 200 50 90 
6 9 444 194 637 557 588 200 54 90 
6 9 444 194 637 558 589 200 50 90 
6 9 444 194 637 559 587 200 50 90 
6 9 444 194 637 560 586 200 52 90 
6 9 444 194 637 561 586 200 50 90 
6 9 444 194 637 562 584 200 50 90 
6 9 444 194 637 563 582 200 50 90 
6 9 444 194 637 564 582 200 50 90 
6 9 444 194 637 565 580 200 50 90 
6 9 444 194 637 566 580 200 48 90 
6 9 444 194 637 567 580 200 48 90 
6 9 444 194 637 568 577 200 50 90 
6 9 444 194 637 569 575 200 50 90 
6 9 444 194 637 570 575 200 50 90 
6 9 444 194 637 571 573 200 50 90 
6 9 444 194 637 572 571 200 50 90 
6 9 444 194 637 573 571 200 50 90 
6 9 444 194 637 574 570 200 50 90 
6 9 444 194 637 575 570 200 50 90 
6 9 444 194 637 576 568 200 50 90 
6 9 444 194 637 577 566 200 50 90 
6 9 444 194 637 578 566 200 50 90 
6 9 444 194 637 579 564 200 50 90 
6 9 444 194 637 580 564 200 50 90 
6 9 444 194 637 581 564 200 48 90 
6 9 444 194 637 582 561 200 50 90 
6 9 444 194 637 583 561 200 50 90 
6 9 444 194 637 584 559 200 50 90 
6 9 444 194 637 585 559 200 50 90 
6 9 444 194 637 586 557 200 50 90 
6 9 444 194 637 587 555 200 50 90 
6 9 444 194 637 588 555 200 50 90 
6 9 444 194 637 589 554 200 50 90 
6 9 444 194 637 590 554 200 50 90 
6 9 444 194 637 591 552 200 50 90 
6 9 444 194 637 592 550 200 50 90 
6 9 444 194 637 593 550 200 50 90 
6 9 444 194 637 594 548 200 50 90 
6 9 444 194 637 595 548 200 50 90 
6 9 444 194 637 596 548 200 48 90 
6 9 444 194 637 597 545 200 50 90 
6 9 444 194 637 598 545 200 50 90 
6 9 444 194 637 599 543 200 50 90 
6 9 444 194 637 600 543 201 50 88 
6 9 444 194 637 601 541 201 50 88 
6 9 444 194 637 602 539 201 50 88 
6 9 444 194 637 603 538 201 52 88 
6 9 444 194 637 604 538 201 50 88 
6 9 444 194 637 605 535 201 54 88 
6 9 444 194 637 606 533 201 54 88 
6 9 444 194 637 607 533 201 54 88 
6 9 444 194 637 608 531 201 54 88 
6 9 444 194 637 609 531 201 52 88 
6 9 444 194 637 610 528 201 56 88 
6 9 444 194 637 611 529 201 52 88 
6 9 444 194 637 612 526 201 56 88 
6 9 444 194 637 613 523 201 58 88 
6 9 444 194 637 614 523 201 58 88 
6 9 444 194 637 615 521 201 58 88 
6 9 444 194 637 616 521 201 56 88 
6 9 444 194 637 617 521 201 56 88 
6 9 444 194 637 618 519 201 56 88 
6 9 444 194 637 619 516 201 60 88 
6 9 444 194 637 620 513 201 62 88 
6 9 444 194 637 621 513 201 62 88 
6 9 444 194 637 622 513 201 60 88 
6 9 444 194 637 623 511 201 60 88 
6 9 444 194 637 624 511 201 60 88 
6 9 444 194 637 625 509 201 60 88 
6 9 444 194 637 626 506 201 64 88 
6 9 444 194 637 627 507 201 60 88 
6 9 444 194 637 628 504 201 64 88 
6 9 444 194 637 629 503 201 64 88 
6 9 444 194 637 630 501 201 64 88 
6 9 444 194 637 631 501 201 64 88 
6 9 444 194 637 632 499 201 64 88 
6 9 444 194 637 633 496 201 68 88 
6 9 444 194 637 634 497 201 64 88 
6 9 444 194 637 635 495 201 66 88 
6 9 444 194 637 636 493 201 68 88 
6 9 444 194 637 637 493 200 68 91 
