3 9 542 0 541 0 329 269 82 111 
3 9 542 0 541 1 329 269 82 111 
3 9 542 0 541 2 329 269 82 111 
3 9 542 0 541 3 329 269 82 111 
3 9 542 0 541 4 329 269 82 111 
3 9 542 0 541 5 329 269 82 111 
3 9 542 0 541 6 329 269 82 111 
3 9 542 0 541 7 329 269 82 111 
3 9 542 0 541 8 329 269 84 114 
3 9 542 0 541 9 329 269 84 114 
3 9 542 0 541 10 332 269 80 114 
3 9 542 0 541 11 332 269 80 114 
3 9 542 0 541 12 332 269 80 114 
3 9 542 0 541 13 332 269 80 114 
3 9 542 0 541 14 332 269 80 114 
3 9 542 0 541 15 332 269 80 114 
3 9 542 0 541 16 331 268 84 117 
3 9 542 0 541 17 331 268 84 117 
3 9 542 0 541 18 331 268 84 117 
3 9 542 0 541 19 331 268 84 117 
3 9 542 0 541 20 332 268 82 117 
3 9 542 0 541 21 332 268 82 117 
3 9 542 0 541 22 332 268 82 117 
3 9 542 0 541 23 332 268 82 117 
3 9 542 0 541 24 331 269 86 118 
3 9 542 0 541 25 331 269 86 118 
3 9 542 0 541 26 331 269 86 118 
3 9 542 0 541 27 331 269 86 118 
3 9 542 0 541 28 331 269 86 118 
3 9 542 0 541 29 334 269 82 118 
3 9 542 0 541 30 334 269 82 118 
3 9 542 0 541 31 334 269 82 118 
3 9 542 0 541 32 333 269 86 120 
3 9 542 0 541 33 333 269 86 120 
3 9 542 0 541 34 333 269 86 120 
3 9 542 0 541 35 333 269 86 120 
3 9 542 0 541 36 333 269 86 120 
3 9 542 0 541 37 333 269 86 120 
3 9 542 0 541 38 333 269 86 120 
3 9 542 0 541 39 336 269 82 120 
3 9 542 0 541 40 335 268 86 123 
3 9 542 0 541 41 335 268 86 123 
3 9 542 0 541 42 335 268 86 123 
3 9 542 0 541 43 335 268 86 123 
3 9 542 0 541 44 335 268 86 123 
3 9 542 0 541 45 335 268 86 123 
3 9 542 0 541 46 335 268 86 123 
3 9 542 0 541 47 335 268 86 123 
3 9 542 0 541 48 338 270 84 123 
3 9 542 0 541 49 338 270 84 123 
3 9 542 0 541 50 338 270 84 123 
3 9 542 0 541 51 338 270 84 123 
3 9 542 0 541 52 338 270 84 123 
3 9 542 0 541 53 337 270 88 123 
3 9 542 0 541 54 338 270 86 126 
3 9 542 0 541 55 338 270 86 126 
3 9 542 0 541 56 338 270 86 126 
3 9 542 0 541 57 338 270 86 126 
3 9 542 0 541 58 337 272 90 123 
3 9 542 0 541 59 337 272 90 123 
3 9 542 0 541 60 340 272 86 124 
3 9 542 0 541 61 340 272 86 124 
3 9 542 0 541 62 340 272 86 124 
3 9 542 0 541 63 339 272 90 124 
3 9 542 0 541 64 339 272 90 124 
3 9 542 0 541 65 339 272 90 124 
3 9 542 0 541 66 342 271 86 127 
3 9 542 0 541 67 342 271 86 127 
3 9 542 0 541 68 342 274 88 124 
3 9 542 0 541 69 342 274 88 124 
3 9 542 0 541 70 342 274 88 124 
3 9 542 0 541 71 345 273 84 127 
3 9 542 0 541 72 345 273 84 127 
3 9 542 0 541 73 344 273 88 127 
3 9 542 0 541 74 344 273 88 127 
3 9 542 0 541 75 344 273 88 127 
3 9 542 0 541 76 344 273 88 127 
3 9 542 0 541 77 347 273 84 130 
3 9 542 0 541 78 346 274 88 129 
3 9 542 0 541 79 346 274 88 129 
3 9 542 0 541 80 346 274 88 129 
3 9 542 0 541 81 346 274 88 129 
3 9 542 0 541 82 346 274 88 129 
3 9 542 0 541 83 346 274 90 132 
3 9 542 0 541 84 346 274 90 132 
3 9 542 0 541 85 346 274 90 132 
3 9 542 0 541 86 346 274 90 132 
3 9 542 0 541 87 346 274 90 132 
3 9 542 0 541 88 345 276 94 129 
3 9 542 0 541 89 348 276 90 130 
3 9 542 0 541 90 348 276 90 130 
3 9 542 0 541 91 348 276 90 130 
3 9 542 0 541 92 348 276 90 130 
3 9 542 0 541 93 348 276 92 130 
3 9 542 0 541 94 351 275 88 133 
3 9 542 0 541 95 351 275 88 133 
3 9 542 0 541 96 351 275 88 133 
3 9 542 0 541 97 351 275 88 133 
3 9 542 0 541 98 350 278 92 130 
3 9 542 0 541 99 350 278 92 130 
3 9 542 0 541 100 353 277 88 133 
3 9 542 0 541 101 353 277 88 133 
3 9 542 0 541 102 353 277 88 133 
3 9 542 0 541 103 352 277 92 133 
3 9 542 0 541 104 352 277 92 133 
3 9 542 0 541 105 352 277 92 133 
3 9 542 0 541 106 353 277 90 136 
3 9 542 0 541 107 353 277 90 136 
3 9 542 0 541 108 352 279 94 133 
3 9 542 0 541 109 352 279 94 133 
3 9 542 0 541 110 352 279 94 133 
3 9 542 0 541 111 352 279 94 133 
3 9 542 0 541 112 355 279 90 135 
3 9 542 0 541 113 355 279 92 135 
3 9 542 0 541 114 355 279 92 135 
3 9 542 0 541 115 355 279 92 135 
3 9 542 0 541 116 355 279 92 135 
3 9 542 0 541 117 357 281 92 135 
3 9 542 0 541 118 357 281 92 135 
3 9 542 0 541 119 357 281 92 135 
3 9 542 0 541 120 356 281 96 135 
3 9 542 0 541 121 359 281 92 135 
3 9 542 0 541 122 359 281 92 138 
3 9 542 0 541 123 358 281 96 138 
3 9 542 0 541 124 361 281 92 138 
3 9 542 0 541 125 361 282 92 136 
3 9 542 0 541 126 360 282 96 136 
3 9 542 0 541 127 361 281 94 139 
3 9 542 0 541 128 361 281 94 139 
3 9 542 0 541 129 361 281 96 139 
3 9 542 0 541 130 361 281 96 139 
3 9 542 0 541 131 364 281 92 142 
3 9 542 0 541 132 363 281 96 142 
3 9 542 0 541 133 363 283 96 139 
3 9 542 0 541 134 366 283 92 139 
3 9 542 0 541 135 365 283 96 139 
3 9 542 0 541 136 365 283 96 141 
3 9 542 0 541 137 368 283 92 141 
3 9 542 0 541 138 367 283 96 141 
3 9 542 0 541 139 367 283 96 141 
3 9 542 0 541 140 368 285 94 141 
3 9 542 0 541 141 368 285 96 141 
3 9 542 0 541 142 368 285 96 141 
3 9 542 0 541 143 368 285 96 141 
3 9 542 0 541 144 370 285 96 141 
3 9 542 0 541 145 370 285 96 144 
3 9 542 0 541 146 370 285 96 144 
3 9 542 0 541 147 372 285 96 144 
3 9 542 0 541 148 372 287 96 141 
3 9 542 0 541 149 372 287 96 141 
3 9 542 0 541 150 374 287 96 144 
3 9 542 0 541 151 374 287 96 144 
3 9 542 0 541 152 374 287 96 144 
3 9 542 0 541 153 373 287 100 144 
3 9 542 0 541 154 376 286 96 145 
3 9 542 0 541 155 376 286 96 145 
3 9 542 0 541 156 375 288 98 144 
3 9 542 0 541 157 377 288 96 144 
3 9 542 0 541 158 377 288 96 144 
3 9 542 0 541 159 376 287 100 147 
3 9 542 0 541 160 379 287 96 147 
3 9 542 0 541 161 379 287 96 147 
3 9 542 0 541 162 378 287 100 147 
3 9 542 0 541 163 381 289 96 147 
3 9 542 0 541 164 381 289 96 147 
3 9 542 0 541 165 380 289 100 147 
3 9 542 0 541 166 380 289 100 147 
3 9 542 0 541 167 383 289 96 147 
3 9 542 0 541 168 382 289 98 150 
3 9 542 0 541 169 382 289 98 150 
3 9 542 0 541 170 384 289 96 150 
3 9 542 0 541 171 383 291 100 147 
3 9 542 0 541 172 383 291 100 147 
3 9 542 0 541 173 386 291 96 150 
3 9 542 0 541 174 385 291 100 150 
3 9 542 0 541 175 385 291 100 150 
3 9 542 0 541 176 385 291 100 150 
3 9 542 0 541 177 387 290 100 151 
3 9 542 0 541 178 387 290 100 151 
3 9 542 0 541 179 387 293 100 148 
3 9 542 0 541 180 389 293 100 148 
3 9 542 0 541 181 389 293 100 148 
3 9 542 0 541 182 389 292 100 151 
3 9 542 0 541 183 391 292 98 151 
3 9 542 0 541 184 391 292 98 151 
3 9 542 0 541 185 391 292 98 151 
3 9 542 0 541 186 392 294 100 151 
3 9 542 0 541 187 392 294 100 151 
3 9 542 0 541 188 392 294 100 151 
3 9 542 0 541 189 392 294 100 151 
3 9 542 0 541 190 394 294 100 151 
3 9 542 0 541 191 394 294 100 154 
3 9 542 0 541 192 394 294 100 154 
3 9 542 0 541 193 396 295 100 153 
3 9 542 0 541 194 396 295 100 153 
3 9 542 0 541 195 396 295 100 154 
3 9 542 0 541 196 395 295 102 154 
3 9 542 0 541 197 398 295 98 154 
3 9 542 0 541 198 398 295 98 154 
3 9 542 0 541 199 397 297 102 154 
3 9 542 0 541 200 399 297 100 154 
3 9 542 0 541 201 399 297 100 154 
3 9 542 0 541 202 398 297 104 154 
3 9 542 0 541 203 398 296 104 157 
3 9 542 0 541 204 401 296 100 157 
3 9 542 0 541 205 401 299 100 154 
3 9 542 0 541 206 400 299 104 154 
3 9 542 0 541 207 403 298 100 157 
3 9 542 0 541 208 403 298 100 157 
3 9 542 0 541 209 402 298 104 157 
3 9 542 0 541 210 402 298 104 157 
3 9 542 0 541 211 405 300 100 157 
3 9 542 0 541 212 404 300 102 157 
3 9 542 0 541 213 404 300 102 157 
3 9 542 0 541 214 407 300 98 157 
3 9 542 0 541 215 406 300 102 159 
3 9 542 0 541 216 406 300 102 159 
3 9 542 0 541 217 408 301 100 157 
3 9 542 0 541 218 407 301 104 157 
3 9 542 0 541 219 407 301 104 160 
3 9 542 0 541 220 407 301 104 160 
3 9 542 0 541 221 410 301 100 160 
3 9 542 0 541 222 409 301 104 160 
3 9 542 0 541 223 409 303 104 160 
3 9 542 0 541 224 412 303 100 160 
3 9 542 0 541 225 411 303 102 160 
3 9 542 0 541 226 411 303 102 160 
3 9 542 0 541 227 411 302 102 163 
3 9 542 0 541 228 413 302 102 163 
3 9 542 0 541 229 413 305 102 160 
3 9 542 0 541 230 413 305 102 160 
3 9 542 0 541 231 414 305 104 160 
3 9 542 0 541 232 414 305 104 162 
3 9 542 0 541 233 414 305 104 162 
3 9 542 0 541 234 413 305 108 162 
3 9 542 0 541 235 416 305 104 162 
3 9 542 0 541 236 416 307 104 162 
3 9 542 0 541 237 415 307 108 162 
3 9 542 0 541 238 418 307 104 162 
3 9 542 0 541 239 418 307 104 162 
3 9 542 0 541 240 418 306 104 165 
3 9 542 0 541 241 417 306 106 165 
3 9 542 0 541 242 420 309 102 162 
3 9 542 0 541 243 420 309 102 162 
3 9 542 0 541 244 419 308 106 165 
3 9 542 0 541 245 422 308 102 165 
3 9 542 0 541 246 422 308 102 165 
3 9 542 0 541 247 421 308 106 165 
3 9 542 0 541 248 423 309 104 166 
3 9 542 0 541 249 423 309 104 166 
3 9 542 0 541 250 422 309 108 166 
3 9 542 0 541 251 422 309 108 166 
3 9 542 0 541 252 425 309 104 168 
3 9 542 0 541 253 424 309 106 168 
3 9 542 0 541 254 424 311 106 165 
3 9 542 0 541 255 427 311 102 165 
3 9 542 0 541 256 427 311 102 168 
3 9 542 0 541 257 426 311 106 168 
3 9 542 0 541 258 426 311 106 168 
3 9 542 0 541 259 429 311 102 168 
3 9 542 0 541 260 428 313 106 168 
3 9 542 0 541 261 428 313 106 168 
3 9 542 0 541 262 430 313 104 168 
3 9 542 0 541 263 429 313 108 168 
3 9 542 0 541 264 429 312 108 171 
3 9 542 0 541 265 429 312 108 171 
3 9 542 0 541 266 431 315 108 168 
3 9 542 0 541 267 431 315 108 168 
3 9 542 0 541 268 431 314 108 169 
3 9 542 0 541 269 433 314 106 169 
3 9 542 0 541 270 433 314 106 169 
3 9 542 0 541 271 433 314 106 169 
3 9 542 0 541 272 435 315 106 171 
3 9 542 0 541 273 435 315 106 171 
3 9 542 0 541 274 435 315 106 171 
3 9 542 0 541 275 437 315 106 171 
3 9 542 0 541 276 437 315 106 174 
3 9 542 0 541 277 438 317 108 171 
3 9 542 0 541 278 438 317 108 171 
3 9 542 0 541 279 440 317 106 174 
3 9 542 0 541 280 440 317 106 174 
3 9 542 0 541 281 439 317 110 174 
3 9 542 0 541 282 442 319 106 171 
3 9 542 0 541 283 441 319 110 174 
3 9 542 0 541 284 444 319 106 174 
3 9 542 0 541 285 443 319 110 174 
3 9 542 0 541 286 445 321 108 172 
3 9 542 0 541 287 445 321 108 172 
3 9 542 0 541 288 444 321 112 172 
3 9 542 0 541 289 447 321 108 172 
3 9 542 0 541 290 446 320 110 175 
3 9 542 0 541 291 449 323 106 172 
3 9 542 0 541 292 448 323 110 172 
3 9 542 0 541 293 451 322 106 175 
3 9 542 0 541 294 450 322 110 175 
3 9 542 0 541 295 450 322 110 175 
3 9 542 0 541 296 452 324 110 174 
3 9 542 0 541 297 452 323 110 177 
3 9 542 0 541 298 453 323 110 177 
3 9 542 0 541 299 453 323 110 177 
3 9 542 0 541 300 455 325 110 175 
3 9 542 0 541 301 455 325 110 175 
3 9 542 0 541 302 454 325 114 178 
3 9 542 0 541 303 453 325 118 178 
3 9 542 0 541 304 456 327 114 178 
3 9 542 0 541 305 455 326 118 181 
3 9 542 0 541 306 455 326 120 181 
3 9 542 0 541 307 458 326 116 184 
3 9 542 0 541 308 457 328 120 183 
3 9 542 0 541 309 456 328 124 183 
3 9 542 0 541 310 457 328 122 186 
3 9 542 0 541 311 456 328 126 186 
3 9 542 0 541 312 456 328 128 187 
3 9 542 0 541 313 459 328 124 190 
3 9 542 0 541 314 458 328 128 190 
3 9 542 0 541 315 457 328 132 192 
3 9 542 0 541 316 459 330 132 192 
3 9 542 0 541 317 459 330 132 192 
3 9 542 0 541 318 462 330 128 192 
3 9 542 0 541 319 462 330 128 192 
3 9 542 0 541 320 465 330 124 192 
3 9 542 0 541 321 465 330 124 192 
3 9 542 0 541 322 466 332 122 192 
3 9 542 0 541 323 466 332 122 192 
3 9 542 0 541 324 469 332 118 192 
3 9 542 0 541 325 471 332 118 192 
3 9 542 0 541 326 471 332 118 192 
3 9 542 0 541 327 474 332 114 192 
3 9 542 0 541 328 474 334 114 192 
3 9 542 0 541 329 476 334 112 192 
3 9 542 0 541 330 476 334 112 192 
3 9 542 0 541 331 479 334 108 192 
3 9 542 0 541 332 479 334 108 192 
3 9 542 0 541 333 482 334 104 192 
3 9 542 0 541 334 484 336 102 192 
3 9 542 0 541 335 484 336 102 192 
3 9 542 0 541 336 486 335 102 193 
3 9 542 0 541 337 485 335 106 193 
3 9 542 0 541 338 486 336 108 195 
3 9 542 0 541 339 488 336 106 195 
3 9 542 0 541 340 487 336 110 198 
3 9 542 0 541 341 489 338 110 195 
3 9 542 0 541 342 491 338 110 198 
3 9 542 0 541 343 490 338 114 198 
3 9 542 0 541 344 491 337 114 199 
3 9 542 0 541 345 491 340 114 196 
3 9 542 0 541 346 493 339 114 199 
3 9 542 0 541 347 495 339 114 199 
3 9 542 0 541 348 494 341 118 199 
3 9 542 0 541 349 497 341 116 199 
3 9 542 0 541 350 499 341 116 202 
3 9 542 0 541 351 498 342 120 204 
3 9 542 0 541 352 498 342 122 204 
3 9 542 0 541 353 497 341 126 205 
3 9 542 0 541 354 500 341 124 205 
3 9 542 0 541 355 503 343 120 205 
3 9 542 0 541 356 502 343 124 205 
3 9 542 0 541 357 504 343 124 208 
3 9 542 0 541 358 504 345 126 205 
3 9 542 0 541 359 504 345 128 208 
3 9 542 0 541 360 506 345 128 208 
3 9 542 0 541 361 505 345 132 210 
3 9 542 0 541 362 507 347 132 207 
3 9 542 0 541 363 509 347 132 210 
3 9 542 0 541 364 508 347 134 210 
3 9 542 0 541 365 511 349 130 210 
3 9 542 0 541 366 512 349 132 210 
3 9 542 0 541 367 511 348 136 213 
3 9 542 0 541 368 513 349 136 214 
3 9 542 0 541 369 512 349 138 214 
3 9 542 0 541 370 514 349 138 216 
3 9 542 0 541 371 516 349 138 216 
3 9 542 0 541 372 515 351 142 216 
3 9 542 0 541 373 516 351 144 216 
3 9 542 0 541 374 518 350 142 219 
3 9 542 0 541 375 518 353 142 216 
3 9 542 0 541 376 520 352 142 219 
3 9 542 0 541 377 519 352 146 219 
3 9 542 0 541 378 521 352 146 220 
3 9 542 0 541 379 524 354 144 217 
3 9 542 0 541 380 523 354 148 220 
3 9 542 0 541 381 523 354 150 220 
3 9 542 0 541 382 525 355 150 222 
3 9 542 0 541 383 524 355 154 222 
3 9 542 0 541 384 527 354 152 225 
3 9 542 0 541 385 529 356 152 225 
3 9 542 0 541 386 528 356 156 225 
3 9 542 0 541 387 528 356 158 226 
3 9 542 0 541 388 531 358 156 223 
3 9 542 0 541 389 533 358 156 226 
3 9 542 0 541 390 535 360 156 226 
3 9 542 0 541 391 537 360 156 226 
3 9 542 0 541 392 537 359 158 229 
3 9 542 0 541 393 540 362 156 226 
3 9 542 0 541 394 542 362 156 228 
3 9 542 0 541 395 543 362 160 229 
3 9 542 0 541 396 544 362 160 229 
3 9 542 0 541 397 546 362 160 232 
3 9 542 0 541 398 548 364 160 232 
3 9 542 0 541 399 550 364 160 232 
3 9 542 0 541 400 552 366 160 232 
3 9 542 0 541 401 553 366 160 232 
3 9 542 0 541 402 555 366 160 234 
3 9 542 0 541 403 557 368 160 234 
3 9 542 0 541 404 559 368 160 234 
3 9 542 0 541 405 559 368 164 235 
3 9 542 0 541 406 561 368 164 235 
3 9 542 0 541 407 563 370 164 235 
3 9 542 0 541 408 565 370 164 237 
3 9 542 0 541 409 567 370 162 237 
3 9 542 0 541 410 568 372 164 237 
3 9 542 0 541 411 570 372 164 240 
3 9 542 0 541 412 569 374 168 237 
3 9 542 0 541 413 571 374 166 240 
3 9 542 0 541 414 573 374 166 240 
3 9 542 0 541 415 573 376 172 240 
3 9 542 0 541 416 575 375 172 241 
3 9 542 0 541 417 577 377 170 240 
3 9 542 0 541 418 579 376 170 243 
3 9 542 0 541 419 581 376 170 243 
3 9 542 0 541 420 582 378 172 243 
3 9 542 0 541 421 584 378 170 246 
3 9 542 0 541 422 586 380 170 243 
3 9 542 0 541 423 588 380 170 244 
3 9 542 0 541 424 588 382 176 244 
3 9 542 0 541 425 590 382 174 244 
3 9 542 0 541 426 592 381 174 247 
3 9 542 0 541 427 594 383 174 246 
3 9 542 0 541 428 596 382 174 249 
3 9 542 0 541 429 597 384 174 249 
3 9 542 0 541 430 599 384 174 249 
3 9 542 0 541 431 601 384 174 250 
3 9 542 0 541 432 603 386 174 247 
3 9 542 0 541 433 604 386 176 250 
3 9 542 0 541 434 605 388 178 250 
3 9 542 0 541 435 607 388 178 250 
3 9 542 0 541 436 609 387 178 253 
3 9 542 0 541 437 612 390 176 252 
3 9 542 0 541 438 611 390 180 252 
3 9 542 0 541 439 611 390 182 253 
3 9 542 0 541 440 613 390 182 253 
3 9 542 0 541 441 615 390 182 256 
3 9 542 0 541 442 618 392 180 256 
3 9 542 0 541 443 618 392 182 256 
3 9 542 0 541 444 619 394 186 256 
3 9 542 0 541 445 622 394 184 256 
3 9 542 0 541 446 624 396 184 255 
3 9 542 0 541 447 626 396 184 258 
3 9 542 0 541 448 626 396 186 258 
3 9 542 0 541 449 628 396 186 259 
3 9 542 0 541 450 631 396 184 262 
3 9 542 0 541 451 633 398 184 259 
3 9 542 0 541 452 633 398 186 261 
3 9 542 0 541 453 635 398 186 261 
3 9 542 0 541 454 637 400 188 261 
3 9 542 0 541 455 639 400 188 264 
3 9 542 0 541 456 641 402 188 261 
3 9 542 0 541 457 641 402 190 264 
3 9 542 0 541 458 644 402 188 264 
3 9 542 0 541 459 646 404 188 264 
3 9 542 0 541 460 648 403 188 265 
3 9 542 0 541 461 648 405 190 264 
3 9 542 0 541 462 651 404 188 267 
3 9 542 0 541 463 652 406 192 267 
3 9 542 0 541 464 654 406 192 267 
3 9 542 0 541 465 657 408 192 267 
3 9 542 0 541 466 659 408 192 268 
3 9 542 0 541 467 663 410 192 268 
3 9 542 0 541 468 663 409 196 271 
3 9 542 0 541 469 668 410 192 273 
3 9 542 0 541 470 669 410 196 273 
3 9 542 0 541 471 672 412 196 273 
3 9 542 0 541 472 674 414 196 271 
3 9 542 0 541 473 678 414 194 274 
3 9 542 0 541 474 679 416 196 274 
3 9 542 0 541 475 683 415 196 277 
3 9 542 0 541 476 684 418 198 274 
3 9 542 0 541 477 688 418 196 276 
3 9 542 0 541 478 689 418 200 277 
3 9 542 0 541 479 693 420 198 277 
3 9 542 0 541 480 694 420 200 280 
3 9 542 0 541 481 698 422 200 280 
3 9 542 0 541 482 700 422 198 280 
3 9 542 0 541 483 703 424 200 279 
3 9 542 0 541 484 704 424 202 282 
3 9 542 0 541 485 709 424 198 283 
3 9 542 0 541 486 709 424 204 286 
3 9 542 0 541 487 713 426 202 285 
3 9 542 0 541 488 715 429 202 282 
3 9 542 0 541 489 718 428 204 285 
3 9 542 0 541 490 720 430 202 285 
3 9 542 0 541 491 724 430 202 288 
3 9 542 0 541 492 724 432 208 287 
3 9 542 0 541 493 729 431 202 287 
3 9 542 0 541 494 730 433 206 286 
3 9 542 0 541 495 733 435 206 284 
3 9 542 0 541 496 735 434 206 284 
3 9 542 0 541 497 739 436 206 282 
3 9 542 0 541 498 740 436 208 282 
3 9 542 0 541 499 744 438 206 280 
3 9 542 0 541 500 745 438 210 280 
3 9 542 0 541 501 749 439 206 280 
3 9 542 0 541 502 750 438 210 280 
3 9 542 0 541 503 754 440 210 278 
3 9 542 0 541 504 755 442 210 276 
3 9 542 0 541 505 759 442 210 276 
3 9 542 0 541 506 761 444 210 274 
3 9 542 0 541 507 764 444 210 274 
3 9 542 0 541 508 765 446 214 272 
3 9 542 0 541 509 770 446 210 273 
3 9 542 0 541 510 770 446 214 272 
3 9 542 0 541 511 774 448 214 270 
3 9 542 0 541 512 779 450 214 268 
3 9 542 0 541 513 786 452 212 266 
3 9 542 0 541 514 790 452 214 266 
3 9 542 0 541 515 794 454 218 264 
3 9 542 0 541 516 796 457 218 262 
3 9 542 0 541 517 799 459 216 260 
3 9 542 0 541 518 801 462 216 256 
3 9 542 0 541 519 801 464 218 254 
3 9 542 0 541 520 803 469 218 249 
3 9 542 0 541 521 805 469 220 249 
3 9 542 0 541 522 809 469 220 249 
3 9 542 0 541 523 812 470 220 248 
3 9 542 0 541 524 815 470 224 248 
3 9 542 0 541 525 815 470 228 248 
3 9 542 0 541 526 819 473 228 246 
3 9 542 0 541 527 823 473 226 246 
3 9 542 0 541 528 825 475 232 243 
3 9 542 0 541 529 828 475 234 243 
3 9 542 0 541 530 833 478 234 241 
3 9 542 0 541 531 838 480 236 238 
3 9 542 0 541 532 844 481 234 237 
3 9 542 0 541 533 846 484 238 234 
3 9 542 0 541 534 852 486 238 232 
3 9 542 0 541 535 857 486 238 232 
3 9 542 0 541 536 862 489 238 229 
3 9 542 0 541 537 865 490 242 228 
3 9 542 0 541 538 870 493 242 226 
3 9 542 0 541 539 875 495 242 223 
3 9 542 0 541 540 881 498 242 221 
3 9 542 0 541 541 885 500 246 218 
4 9 217 105 321 105 955 338 114 205 
4 9 217 105 321 106 954 338 114 205 
4 9 217 105 321 107 953 339 110 202 
4 9 217 105 321 108 951 336 110 205 
4 9 217 105 321 109 949 336 110 205 
4 9 217 105 321 110 949 337 106 202 
4 9 217 105 321 111 947 334 106 205 
4 9 217 105 321 112 946 335 104 202 
4 9 217 105 321 113 944 335 104 202 
4 9 217 105 321 114 942 334 104 204 
4 9 217 105 321 115 942 334 98 202 
4 9 217 105 321 116 940 334 100 202 
4 9 217 105 321 117 938 334 100 202 
4 9 217 105 321 118 938 332 100 202 
4 9 217 105 321 119 938 332 100 202 
4 9 217 105 321 120 938 332 100 202 
4 9 217 105 321 121 941 332 96 202 
4 9 217 105 321 122 941 332 96 202 
4 9 217 105 321 123 941 332 96 202 
4 9 217 105 321 124 941 332 96 202 
4 9 217 105 321 125 944 332 92 199 
4 9 217 105 321 126 944 332 92 199 
4 9 217 105 321 127 944 332 92 199 
4 9 217 105 321 128 944 332 92 199 
4 9 217 105 321 129 945 332 90 199 
4 9 217 105 321 130 945 332 90 199 
4 9 217 105 321 131 945 332 90 199 
4 9 217 105 321 132 945 332 90 199 
4 9 217 105 321 133 948 330 86 199 
4 9 217 105 321 134 948 330 86 199 
4 9 217 105 321 135 948 330 86 199 
4 9 217 105 321 136 948 330 86 199 
4 9 217 105 321 137 951 330 82 199 
4 9 217 105 321 138 951 330 82 199 
4 9 217 105 321 139 951 330 82 199 
4 9 217 105 321 140 951 330 82 199 
4 9 217 105 321 141 954 331 78 198 
4 9 217 105 321 142 954 331 78 198 
4 9 217 105 321 143 954 331 78 198 
4 9 217 105 321 144 954 331 78 198 
4 9 217 105 321 145 957 331 74 198 
4 9 217 105 321 146 957 331 74 198 
4 9 217 105 321 147 957 331 74 198 
4 9 217 105 321 148 959 331 72 198 
4 9 217 105 321 149 957 331 74 198 
4 9 217 105 321 150 957 331 74 198 
4 9 217 105 321 151 957 331 74 198 
4 9 217 105 321 152 957 331 74 198 
4 9 217 105 321 153 957 331 74 198 
4 9 217 105 321 154 957 331 74 198 
4 9 217 105 321 155 957 331 74 198 
4 9 217 105 321 156 957 331 74 198 
4 9 217 105 321 157 957 331 74 198 
4 9 217 105 321 158 957 331 74 198 
4 9 217 105 321 159 954 331 78 198 
4 9 217 105 321 160 954 331 78 198 
4 9 217 105 321 161 954 331 78 198 
4 9 217 105 321 162 954 331 78 198 
4 9 217 105 321 163 954 331 78 198 
4 9 217 105 321 164 954 331 78 198 
4 9 217 105 321 165 954 331 78 198 
4 9 217 105 321 166 954 331 78 198 
4 9 217 105 321 167 954 331 78 198 
4 9 217 105 321 168 954 331 78 198 
4 9 217 105 321 169 954 331 78 198 
4 9 217 105 321 170 951 331 82 198 
4 9 217 105 321 171 951 331 82 198 
4 9 217 105 321 172 951 331 82 198 
4 9 217 105 321 173 951 331 82 198 
4 9 217 105 321 174 951 331 82 198 
4 9 217 105 321 175 951 331 82 198 
4 9 217 105 321 176 951 331 82 198 
4 9 217 105 321 177 951 331 82 198 
4 9 217 105 321 178 951 331 82 198 
4 9 217 105 321 179 951 331 82 198 
4 9 217 105 321 180 951 331 82 198 
4 9 217 105 321 181 948 331 86 198 
4 9 217 105 321 182 948 331 86 198 
4 9 217 105 321 183 948 331 86 198 
4 9 217 105 321 184 948 331 86 198 
4 9 217 105 321 185 948 331 86 198 
4 9 217 105 321 186 948 331 86 198 
4 9 217 105 321 187 948 331 86 198 
4 9 217 105 321 188 948 331 86 198 
4 9 217 105 321 189 948 331 86 198 
4 9 217 105 321 190 948 331 86 198 
4 9 217 105 321 191 948 331 86 198 
4 9 217 105 321 192 945 331 90 198 
4 9 217 105 321 193 945 331 90 198 
4 9 217 105 321 194 945 331 90 198 
4 9 217 105 321 195 945 331 90 198 
4 9 217 105 321 196 945 331 90 198 
4 9 217 105 321 197 945 331 90 198 
4 9 217 105 321 198 945 331 90 198 
4 9 217 105 321 199 945 331 90 198 
4 9 217 105 321 200 945 331 90 198 
4 9 217 105 321 201 945 331 90 198 
4 9 217 105 321 202 945 331 90 198 
4 9 217 105 321 203 945 331 90 198 
4 9 217 105 321 204 945 331 90 198 
4 9 217 105 321 205 944 331 94 198 
4 9 217 105 321 206 947 331 90 198 
4 9 217 105 321 207 947 331 90 198 
4 9 217 105 321 208 947 331 92 198 
4 9 217 105 321 209 947 331 92 198 
4 9 217 105 321 210 950 331 88 198 
4 9 217 105 321 211 949 331 92 198 
4 9 217 105 321 212 949 331 92 198 
4 9 217 105 321 213 952 330 88 199 
4 9 217 105 321 214 951 330 92 199 
4 9 217 105 321 215 951 330 92 199 
4 9 217 105 321 216 951 330 92 199 
4 9 217 105 321 217 953 333 92 196 
4 9 217 105 321 218 953 333 92 196 
4 9 217 105 321 219 953 333 92 196 
4 9 217 105 321 220 952 333 96 196 
4 9 217 105 321 221 953 333 94 196 
4 9 217 105 321 222 953 333 94 196 
4 9 217 105 321 223 953 333 96 196 
4 9 217 105 321 224 956 332 92 199 
4 9 217 105 321 225 956 332 92 199 
4 9 217 105 321 226 955 332 96 199 
4 9 217 105 321 227 955 332 96 199 
4 9 217 105 321 228 958 332 92 199 
4 9 217 105 321 229 957 332 96 199 
4 9 217 105 321 230 957 332 96 199 
4 9 217 105 321 231 960 332 92 199 
4 9 217 105 321 232 959 335 96 196 
4 9 217 105 321 233 959 335 96 196 
4 9 217 105 321 234 958 335 98 196 
4 9 217 105 321 235 960 334 96 199 
4 9 217 105 321 236 960 334 96 199 
4 9 217 105 321 237 959 334 100 199 
4 9 217 105 321 238 959 334 100 199 
4 9 217 105 321 239 962 334 96 199 
4 9 217 105 321 240 961 334 100 199 
4 9 217 105 321 241 961 334 100 199 
4 9 217 105 321 242 964 334 96 199 
4 9 217 105 321 243 963 334 100 199 
4 9 217 105 321 244 963 334 100 199 
4 9 217 105 321 245 963 334 100 199 
4 9 217 105 321 246 965 334 100 202 
4 9 217 105 321 247 965 335 100 201 
4 9 217 105 321 248 965 335 100 201 
4 9 217 105 321 249 967 335 98 201 
4 9 217 105 321 250 967 335 98 201 
4 9 217 105 321 251 967 335 98 201 
4 9 217 105 321 252 966 335 102 201 
4 9 217 105 321 253 968 335 100 201 
4 9 217 105 321 254 968 335 100 201 
4 9 217 105 321 255 967 335 104 201 
4 9 217 105 321 256 967 335 104 201 
4 9 217 105 321 257 970 335 100 202 
4 9 217 105 321 258 969 335 104 202 
4 9 217 105 321 259 969 335 104 202 
4 9 217 105 321 260 972 335 100 202 
4 9 217 105 321 261 971 335 102 202 
4 9 217 105 321 262 971 337 102 199 
4 9 217 105 321 263 970 337 106 199 
4 9 217 105 321 264 973 337 102 199 
4 9 217 105 321 265 973 337 102 199 
4 9 217 105 321 266 972 337 106 199 
4 9 217 105 321 267 974 337 104 202 
4 9 217 105 321 268 974 337 104 202 
4 9 217 105 321 269 973 337 108 202 
4 9 217 105 321 270 973 337 108 202 
4 9 217 105 321 271 976 337 104 202 
4 9 217 105 321 272 975 337 108 202 
4 9 217 105 321 273 975 337 108 202 
4 9 217 105 321 274 975 337 108 202 
4 9 217 105 321 275 977 337 106 202 
4 9 217 105 321 276 977 337 106 202 
4 9 217 105 321 277 977 339 106 199 
4 9 217 105 321 278 979 339 106 202 
4 9 217 105 321 279 979 339 106 202 
4 9 217 105 321 280 979 339 106 202 
4 9 217 105 321 281 978 339 110 202 
4 9 217 105 321 282 981 339 106 202 
4 9 217 105 321 283 981 339 106 202 
4 9 217 105 321 284 980 339 110 202 
4 9 217 105 321 285 982 339 108 202 
4 9 217 105 321 286 982 339 108 202 
4 9 217 105 321 287 981 339 110 202 
4 9 217 105 321 288 981 339 110 202 
4 9 217 105 321 289 984 338 106 205 
4 9 217 105 321 290 983 338 110 205 
4 9 217 105 321 291 983 338 110 205 
4 9 217 105 321 292 982 341 114 202 
4 9 217 105 321 293 985 341 110 202 
4 9 217 105 321 294 985 341 110 202 
4 9 217 105 321 295 984 341 114 202 
4 9 217 105 321 296 987 341 110 202 
4 9 217 105 321 297 987 341 110 202 
4 9 217 105 321 298 986 341 114 202 
4 9 217 105 321 299 986 341 114 202 
4 9 217 105 321 300 988 340 112 205 
4 9 217 105 321 301 987 340 114 205 
4 9 217 105 321 302 987 340 114 205 
4 9 217 105 321 303 990 340 110 205 
4 9 217 105 321 304 989 340 114 205 
4 9 217 105 321 305 989 340 114 205 
4 9 217 105 321 306 989 340 114 205 
4 9 217 105 321 307 991 342 114 204 
4 9 217 105 321 308 991 342 114 204 
4 9 217 105 321 309 991 342 114 204 
4 9 217 105 321 310 990 342 118 204 
4 9 217 105 321 311 993 341 114 205 
4 9 217 105 321 312 993 341 114 205 
4 9 217 105 321 313 993 341 116 205 
4 9 217 105 321 314 996 341 112 205 
4 9 217 105 321 315 996 341 112 205 
4 9 217 105 321 316 995 341 116 205 
4 9 217 105 321 317 995 341 116 205 
4 9 217 105 321 318 996 341 114 205 
4 9 217 105 321 319 995 341 118 205 
4 9 217 105 321 320 995 341 118 205 
4 9 217 105 321 321 997 343 118 205 
5 9 159 300 458 300 342 251 72 114 
5 9 159 300 458 301 342 251 72 114 
5 9 159 300 458 302 344 250 72 117 
5 9 159 300 458 303 346 253 72 114 
5 9 159 300 458 304 346 252 72 117 
5 9 159 300 458 305 348 253 70 115 
5 9 159 300 458 306 350 253 70 118 
5 9 159 300 458 307 350 253 70 118 
5 9 159 300 458 308 351 255 72 117 
5 9 159 300 458 309 353 255 72 117 
5 9 159 300 458 310 355 257 70 117 
5 9 159 300 458 311 357 257 70 117 
5 9 159 300 458 312 358 257 72 120 
5 9 159 300 458 313 360 257 72 120 
5 9 159 300 458 314 362 259 72 120 
5 9 159 300 458 315 364 259 70 120 
5 9 159 300 458 316 366 258 70 121 
5 9 159 300 458 317 367 260 72 120 
5 9 159 300 458 318 369 259 72 123 
5 9 159 300 458 319 371 259 70 123 
5 9 159 300 458 320 373 261 70 123 
5 9 159 300 458 321 372 261 74 123 
5 9 159 300 458 322 373 261 76 123 
5 9 159 300 458 323 375 264 76 120 
5 9 159 300 458 324 377 264 74 120 
5 9 159 300 458 325 379 264 74 120 
5 9 159 300 458 326 381 266 74 117 
5 9 159 300 458 327 382 266 76 117 
5 9 159 300 458 328 384 266 74 117 
5 9 159 300 458 329 386 269 74 114 
5 9 159 300 458 330 388 269 74 114 
5 9 159 300 458 331 389 269 76 114 
5 9 159 300 458 332 391 270 76 112 
5 9 159 300 458 333 393 270 74 112 
5 9 159 300 458 334 395 272 74 112 
5 9 159 300 458 335 397 272 74 112 
5 9 159 300 458 336 398 272 76 112 
5 9 159 300 458 337 402 274 74 109 
5 9 159 300 458 338 404 274 74 109 
5 9 159 300 458 339 407 277 76 106 
5 9 159 300 458 340 409 277 74 106 
5 9 159 300 458 341 410 277 78 106 
5 9 159 300 458 342 414 278 76 105 
5 9 159 300 458 343 415 278 78 105 
5 9 159 300 458 344 419 280 78 105 
5 9 159 300 458 345 420 281 80 102 
5 9 159 300 458 346 422 281 78 102 
5 9 159 300 458 347 426 283 78 99 
5 9 159 300 458 348 428 279 78 123 
5 9 159 300 458 349 431 277 78 147 
5 9 159 300 458 350 432 277 82 147 
5 9 159 300 458 351 435 280 82 144 
5 9 159 300 458 352 438 281 86 142 
5 9 159 300 458 353 441 281 84 142 
5 9 159 300 458 354 443 281 86 144 
5 9 159 300 458 355 444 283 90 144 
5 9 159 300 458 356 450 282 84 147 
5 9 159 300 458 357 449 284 90 147 
5 9 159 300 458 358 454 284 88 148 
5 9 159 300 458 359 456 283 88 151 
5 9 159 300 458 360 458 285 90 151 
5 9 159 300 458 361 460 285 92 154 
5 9 159 300 458 362 464 286 92 156 
5 9 159 300 458 363 464 286 94 156 
5 9 159 300 458 364 467 285 92 157 
5 9 159 300 458 365 469 285 92 157 
5 9 159 300 458 366 471 285 92 160 
5 9 159 300 458 367 472 287 96 160 
5 9 159 300 458 368 475 286 96 163 
5 9 159 300 458 369 479 289 96 162 
5 9 159 300 458 370 481 290 100 165 
5 9 159 300 458 371 485 292 100 165 
5 9 159 300 458 372 487 293 104 168 
5 9 159 300 458 373 494 295 98 168 
5 9 159 300 458 374 496 296 104 171 
5 9 159 300 458 375 500 298 102 169 
5 9 159 300 458 376 502 299 108 174 
5 9 159 300 458 377 506 301 106 174 
5 9 159 300 458 378 511 302 108 175 
5 9 159 300 458 379 515 302 106 178 
5 9 159 300 458 380 518 301 108 181 
5 9 159 300 458 381 522 303 106 181 
5 9 159 300 458 382 525 303 108 183 
5 9 159 300 458 383 528 305 110 183 
5 9 159 300 458 384 532 305 110 186 
5 9 159 300 458 385 535 305 110 187 
5 9 159 300 458 386 539 305 110 190 
5 9 159 300 458 387 541 307 114 189 
5 9 159 300 458 388 545 309 116 189 
5 9 159 300 458 389 549 311 118 192 
5 9 159 300 458 390 554 311 118 195 
5 9 159 300 458 391 561 315 116 195 
5 9 159 300 458 392 565 317 118 196 
5 9 159 300 458 393 570 318 118 199 
5 9 159 300 458 394 573 321 124 199 
5 9 159 300 458 395 577 323 126 202 
5 9 159 300 458 396 584 325 124 202 
5 9 159 300 458 397 589 328 124 202 
5 9 159 300 458 398 593 329 126 205 
5 9 159 300 458 399 600 331 124 207 
5 9 159 300 458 400 601 334 132 208 
5 9 159 300 458 401 607 335 130 211 
5 9 159 300 458 402 612 337 132 213 
5 9 159 300 458 403 617 340 132 214 
5 9 159 300 458 404 623 342 130 213 
5 9 159 300 458 405 628 344 132 216 
5 9 159 300 458 406 629 348 140 216 
5 9 159 300 458 407 635 348 138 219 
5 9 159 300 458 408 640 350 138 222 
5 9 159 300 458 409 645 354 140 220 
5 9 159 300 458 410 651 354 138 225 
5 9 159 300 458 411 656 356 138 226 
5 9 159 300 458 412 660 360 144 226 
5 9 159 300 458 413 668 360 142 226 
5 9 159 300 458 414 676 362 144 226 
5 9 159 300 458 415 681 362 146 229 
5 9 159 300 458 416 685 366 150 232 
5 9 159 300 458 417 692 368 150 235 
5 9 159 300 458 418 698 372 152 237 
5 9 159 300 458 419 702 376 156 240 
5 9 159 300 458 420 709 378 156 243 
5 9 159 300 458 421 713 382 160 244 
5 9 159 300 458 422 718 384 162 249 
5 9 159 300 458 423 724 388 166 250 
5 9 159 300 458 424 730 390 170 253 
5 9 159 300 458 425 736 394 174 258 
5 9 159 300 458 426 745 398 174 261 
5 9 159 300 458 427 750 401 182 267 
5 9 159 300 458 428 759 406 182 270 
5 9 159 300 458 429 766 409 184 271 
5 9 159 300 458 430 775 414 184 274 
5 9 159 300 458 431 780 417 192 279 
5 9 159 300 458 432 789 422 192 282 
5 9 159 300 458 433 795 424 196 288 
5 9 159 300 458 434 803 429 198 289 
5 9 159 300 458 435 811 434 202 284 
5 9 159 300 458 436 818 439 210 279 
5 9 159 300 458 437 826 445 216 273 
5 9 159 300 458 438 832 450 224 269 
5 9 159 300 458 439 840 455 228 264 
5 9 159 300 458 440 847 461 236 257 
5 9 159 300 458 441 854 466 242 253 
5 9 159 300 458 442 865 473 244 246 
5 9 159 300 458 443 874 480 246 238 
5 9 159 300 458 444 887 486 246 232 
5 9 159 300 458 445 899 495 246 223 
5 9 159 300 458 446 913 501 244 217 
5 9 159 300 458 447 924 510 246 208 
5 9 159 300 458 448 937 521 250 197 
5 9 159 300 458 449 952 535 254 183 
5 9 159 300 458 450 968 546 254 172 
5 9 159 300 458 451 984 560 256 158 
5 9 159 300 458 452 1000 570 256 148 
5 9 159 300 458 453 1015 584 260 134 
5 9 159 300 458 454 1041 595 237 123 
5 9 159 300 458 455 1066 606 213 112 
5 9 159 300 458 456 1091 620 187 98 
5 9 159 300 458 457 1117 630 162 88 
5 9 159 300 458 458 1141 644 137 74 
6 9 242 300 541 300 940 329 106 205 
6 9 242 300 541 301 938 329 106 205 
6 9 242 300 541 302 938 329 106 205 
6 9 242 300 541 303 938 329 106 205 
6 9 242 300 541 304 938 329 106 205 
6 9 242 300 541 305 938 329 106 205 
6 9 242 300 541 306 938 329 106 205 
6 9 242 300 541 307 938 329 106 205 
6 9 242 300 541 308 938 329 106 205 
6 9 242 300 541 309 938 329 106 205 
6 9 242 300 541 310 938 329 106 205 
6 9 242 300 541 311 938 329 106 205 
6 9 242 300 541 312 938 329 106 205 
6 9 242 300 541 313 938 329 106 205 
6 9 242 300 541 314 938 329 106 205 
6 9 242 300 541 315 935 329 110 205 
6 9 242 300 541 316 935 329 110 205 
6 9 242 300 541 317 935 329 110 205 
6 9 242 300 541 318 935 329 110 205 
6 9 242 300 541 319 935 329 110 205 
6 9 242 300 541 320 935 329 110 205 
6 9 242 300 541 321 935 329 110 205 
6 9 242 300 541 322 935 329 110 205 
6 9 242 300 541 323 935 329 110 205 
6 9 242 300 541 324 935 329 110 205 
6 9 242 300 541 325 935 329 110 205 
6 9 242 300 541 326 935 329 110 205 
6 9 242 300 541 327 935 329 110 205 
6 9 242 300 541 328 935 329 110 205 
6 9 242 300 541 329 932 329 114 205 
6 9 242 300 541 330 932 329 114 205 
6 9 242 300 541 331 932 329 114 205 
6 9 242 300 541 332 932 329 114 205 
6 9 242 300 541 333 932 329 114 205 
6 9 242 300 541 334 932 329 114 205 
6 9 242 300 541 335 932 329 114 205 
6 9 242 300 541 336 932 329 114 205 
6 9 242 300 541 337 932 329 114 205 
6 9 242 300 541 338 932 329 114 205 
6 9 242 300 541 339 932 329 114 205 
6 9 242 300 541 340 932 329 114 205 
6 9 242 300 541 341 932 329 114 205 
6 9 242 300 541 342 932 331 114 205 
6 9 242 300 541 343 932 331 112 205 
6 9 242 300 541 344 929 331 116 205 
6 9 242 300 541 345 926 331 118 205 
6 9 242 300 541 346 923 331 122 205 
6 9 242 300 541 347 920 331 126 205 
6 9 242 300 541 348 920 331 124 205 
6 9 242 300 541 349 917 331 128 205 
6 9 242 300 541 350 915 331 128 205 
6 9 242 300 541 351 912 331 132 205 
6 9 242 300 541 352 910 331 134 205 
6 9 242 300 541 353 908 331 134 205 
6 9 242 300 541 354 905 331 138 205 
6 9 242 300 541 355 903 331 140 205 
6 9 242 300 541 356 900 331 144 205 
6 9 242 300 541 357 898 331 146 205 
6 9 242 300 541 358 896 331 146 205 
6 9 242 300 541 359 893 331 150 205 
6 9 242 300 541 360 893 334 150 204 
6 9 242 300 541 361 891 331 150 205 
6 9 242 300 541 362 891 331 150 205 
6 9 242 300 541 363 891 331 150 205 
6 9 242 300 541 364 891 329 148 205 
6 9 242 300 541 365 891 329 148 205 
6 9 242 300 541 366 891 329 148 205 
6 9 242 300 541 367 891 329 148 205 
6 9 242 300 541 368 886 327 150 205 
6 9 242 300 541 369 884 327 150 205 
6 9 242 300 541 370 882 327 150 205 
6 9 242 300 541 371 882 327 148 205 
6 9 242 300 541 372 879 327 150 205 
6 9 242 300 541 373 877 327 150 205 
6 9 242 300 541 374 875 327 150 205 
6 9 242 300 541 375 873 325 148 205 
6 9 242 300 541 376 870 325 150 205 
6 9 242 300 541 377 868 325 150 205 
6 9 242 300 541 378 866 325 150 205 
6 9 242 300 541 379 866 325 148 205 
6 9 242 300 541 380 863 325 150 205 
6 9 242 300 541 381 861 325 150 205 
6 9 242 300 541 382 859 325 150 205 
6 9 242 300 541 383 859 324 148 205 
6 9 242 300 541 384 857 322 148 208 
6 9 242 300 541 385 854 322 152 208 
6 9 242 300 541 386 851 319 154 211 
6 9 242 300 541 387 848 319 158 211 
6 9 242 300 541 388 848 317 156 214 
6 9 242 300 541 389 845 317 160 211 
6 9 242 300 541 390 843 316 160 213 
6 9 242 300 541 391 840 316 164 213 
6 9 242 300 541 392 839 314 162 216 
6 9 242 300 541 393 836 314 166 216 
6 9 242 300 541 394 834 311 168 219 
6 9 242 300 541 395 831 311 172 219 
6 9 242 300 541 396 828 309 170 219 
6 9 242 300 541 397 827 310 166 216 
6 9 242 300 541 398 825 310 168 216 
6 9 242 300 541 399 824 310 164 213 
6 9 242 300 541 400 824 310 160 213 
6 9 242 300 541 401 819 308 164 214 
6 9 242 300 541 402 818 308 160 214 
6 9 242 300 541 403 816 308 158 211 
6 9 242 300 541 404 816 308 156 211 
6 9 242 300 541 405 815 309 152 208 
6 9 242 300 541 406 810 308 154 207 
6 9 242 300 541 407 810 308 152 207 
6 9 242 300 541 408 809 308 148 205 
6 9 242 300 541 409 807 308 146 205 
6 9 242 300 541 410 805 309 146 202 
6 9 242 300 541 411 804 309 144 202 
6 9 242 300 541 412 801 307 142 202 
6 9 242 300 541 413 799 307 142 202 
6 9 242 300 541 414 798 307 140 199 
6 9 242 300 541 415 798 308 134 196 
6 9 242 300 541 416 796 308 134 196 
6 9 242 300 541 417 792 306 136 198 
6 9 242 300 541 418 791 306 132 198 
6 9 242 300 541 419 790 306 130 195 
6 9 242 300 541 420 789 306 128 195 
6 9 242 300 541 421 788 307 124 192 
6 9 242 300 541 422 785 307 126 192 
6 9 242 300 541 423 783 305 124 192 
6 9 242 300 541 424 781 305 124 192 
6 9 242 300 541 425 776 304 126 192 
6 9 242 300 541 426 776 304 124 192 
6 9 242 300 541 427 772 304 124 192 
6 9 242 300 541 428 769 302 126 192 
6 9 242 300 541 429 767 302 124 192 
6 9 242 300 541 430 765 302 124 192 
6 9 242 300 541 431 763 300 124 192 
6 9 242 300 541 432 760 300 124 192 
6 9 242 300 541 433 758 300 124 192 
6 9 242 300 541 434 753 298 126 192 
6 9 242 300 541 435 753 298 124 192 
6 9 242 300 541 436 749 296 124 192 
6 9 242 300 541 437 747 296 124 192 
6 9 242 300 541 438 744 296 124 192 
6 9 242 300 541 439 742 295 124 192 
6 9 242 300 541 440 740 295 124 192 
6 9 242 300 541 441 737 295 124 192 
6 9 242 300 541 442 735 293 124 192 
6 9 242 300 541 443 731 293 124 192 
6 9 242 300 541 444 728 293 126 192 
6 9 242 300 541 445 726 291 124 192 
6 9 242 300 541 446 724 291 124 192 
6 9 242 300 541 447 721 291 126 192 
6 9 242 300 541 448 719 289 124 192 
6 9 242 300 541 449 717 289 124 192 
6 9 242 300 541 450 715 289 122 192 
6 9 242 300 541 451 713 289 122 190 
6 9 242 300 541 452 713 289 120 190 
6 9 242 300 541 453 708 289 122 190 
6 9 242 300 541 454 706 289 122 187 
6 9 242 300 541 455 707 288 116 189 
6 9 242 300 541 456 705 288 116 189 
6 9 242 300 541 457 702 289 118 186 
6 9 242 300 541 458 698 289 118 186 
6 9 242 300 541 459 698 289 116 186 
6 9 242 300 541 460 696 289 114 183 
6 9 242 300 541 461 694 289 114 183 
6 9 242 300 541 462 692 289 114 183 
6 9 242 300 541 463 689 287 114 183 
6 9 242 300 541 464 687 287 114 183 
6 9 242 300 541 465 686 287 110 183 
6 9 242 300 541 466 684 287 112 181 
6 9 242 300 541 467 683 287 110 181 
6 9 242 300 541 468 679 287 110 181 
6 9 242 300 541 469 677 288 110 178 
6 9 242 300 541 470 677 285 106 181 
6 9 242 300 541 471 675 285 106 181 
6 9 242 300 541 472 673 286 106 178 
6 9 242 300 541 473 669 286 108 178 
6 9 242 300 541 474 668 286 106 178 
6 9 242 300 541 475 667 286 102 175 
6 9 242 300 541 476 665 286 104 175 
6 9 242 300 541 477 663 286 104 175 
6 9 242 300 541 478 660 284 102 177 
6 9 242 300 541 479 658 284 104 177 
6 9 242 300 541 480 656 284 104 177 
6 9 242 300 541 481 655 285 100 174 
6 9 242 300 541 482 654 285 98 174 
6 9 242 300 541 483 652 282 100 177 
6 9 242 300 541 484 647 283 104 174 
6 9 242 300 541 485 647 283 98 174 
6 9 242 300 541 486 645 283 100 174 
6 9 242 300 541 487 643 283 100 174 
6 9 242 300 541 488 641 282 100 172 
6 9 242 300 541 489 640 282 96 172 
6 9 242 300 541 490 639 282 96 172 
6 9 242 300 541 491 634 282 100 169 
6 9 242 300 541 492 632 282 100 169 
6 9 242 300 541 493 632 282 96 169 
6 9 242 300 541 494 630 280 96 171 
6 9 242 300 541 495 628 280 96 171 
6 9 242 300 541 496 626 280 96 171 
6 9 242 300 541 497 624 280 94 171 
6 9 242 300 541 498 621 281 96 168 
6 9 242 300 541 499 619 278 96 171 
6 9 242 300 541 500 617 278 96 171 
6 9 242 300 541 501 617 279 92 168 
6 9 242 300 541 502 615 279 92 168 
6 9 242 300 541 503 613 279 92 168 
6 9 242 300 541 504 611 279 92 168 
6 9 242 300 541 505 608 277 92 168 
6 9 242 300 541 506 606 277 92 168 
6 9 242 300 541 507 604 277 92 168 
6 9 242 300 541 508 601 277 94 166 
6 9 242 300 541 509 601 277 92 166 
6 9 242 300 541 510 599 277 92 166 
6 9 242 300 541 511 597 277 92 163 
6 9 242 300 541 512 595 276 92 165 
6 9 242 300 541 513 592 276 94 165 
6 9 242 300 541 514 592 277 92 162 
6 9 242 300 541 515 590 277 92 162 
6 9 242 300 541 516 588 277 92 162 
6 9 242 300 541 517 585 277 94 159 
6 9 242 300 541 518 585 277 92 159 
6 9 242 300 541 519 583 275 92 162 
6 9 242 300 541 520 581 275 92 159 
6 9 242 300 541 521 579 275 92 159 
6 9 242 300 541 522 576 275 94 159 
6 9 242 300 541 523 576 275 92 157 
6 9 242 300 541 524 574 275 92 157 
6 9 242 300 541 525 572 275 92 157 
6 9 242 300 541 526 569 273 94 157 
6 9 242 300 541 527 569 273 92 157 
6 9 242 300 541 528 567 273 92 157 
6 9 242 300 541 529 565 274 92 154 
6 9 242 300 541 530 563 274 92 154 
6 9 242 300 541 531 560 274 94 154 
6 9 242 300 541 532 560 274 92 154 
6 9 242 300 541 533 558 272 92 154 
6 9 242 300 541 534 556 272 92 154 
6 9 242 300 541 535 553 272 94 154 
6 9 242 300 541 536 553 272 92 154 
6 9 242 300 541 537 551 272 92 154 
6 9 242 300 541 538 549 272 92 154 
6 9 242 300 541 539 547 272 92 154 
6 9 242 300 541 540 544 272 94 154 
6 9 242 300 541 541 544 272 94 154 
