22 11 78 77 154 77 912 197 88 79 
22 11 78 77 154 78 912 197 88 79 
22 11 78 77 154 79 912 197 88 79 
22 11 78 77 154 80 912 197 88 79 
22 11 78 77 154 81 912 197 88 79 
22 11 78 77 154 82 912 197 88 79 
22 11 78 77 154 83 912 197 88 79 
22 11 78 77 154 84 912 197 88 79 
22 11 78 77 154 85 912 197 88 79 
22 11 78 77 154 86 912 197 88 79 
22 11 78 77 154 87 912 197 88 79 
22 11 78 77 154 88 912 197 88 79 
22 11 78 77 154 89 912 197 88 79 
22 11 78 77 154 90 912 197 88 79 
22 11 78 77 154 91 912 197 88 79 
22 11 78 77 154 92 912 197 88 79 
22 11 78 77 154 93 912 197 88 79 
22 11 78 77 154 94 912 197 88 79 
22 11 78 77 154 95 912 197 88 79 
22 11 78 77 154 96 912 197 88 79 
22 11 78 77 154 97 912 197 88 79 
22 11 78 77 154 98 912 197 88 79 
22 11 78 77 154 99 912 197 88 79 
22 11 78 77 154 100 912 197 88 79 
22 11 78 77 154 101 912 197 88 79 
22 11 78 77 154 102 912 197 88 79 
22 11 78 77 154 103 912 197 88 79 
22 11 78 77 154 104 912 197 88 79 
22 11 78 77 154 105 912 197 88 79 
22 11 78 77 154 106 912 197 88 79 
22 11 78 77 154 107 912 197 88 79 
22 11 78 77 154 108 912 197 88 79 
22 11 78 77 154 109 912 197 88 79 
22 11 78 77 154 110 912 197 88 79 
22 11 78 77 154 111 912 197 88 79 
22 11 78 77 154 112 912 197 88 79 
22 11 78 77 154 113 912 197 88 79 
22 11 78 77 154 114 912 197 88 79 
22 11 78 77 154 115 912 197 88 79 
22 11 78 77 154 116 912 197 88 79 
22 11 78 77 154 117 912 197 88 79 
22 11 78 77 154 118 912 197 88 79 
22 11 78 77 154 119 912 197 88 79 
22 11 78 77 154 120 912 197 88 79 
22 11 78 77 154 121 912 197 88 79 
22 11 78 77 154 122 912 197 88 79 
22 11 78 77 154 123 912 197 88 79 
22 11 78 77 154 124 912 197 88 79 
22 11 78 77 154 125 912 197 88 79 
22 11 78 77 154 126 912 197 88 79 
22 11 78 77 154 127 912 197 88 79 
22 11 78 77 154 128 912 197 88 79 
22 11 78 77 154 129 912 197 88 79 
22 11 78 77 154 130 912 197 88 79 
22 11 78 77 154 131 912 197 88 79 
22 11 78 77 154 132 912 197 88 79 
22 11 78 77 154 133 912 197 88 79 
22 11 78 77 154 134 912 197 88 79 
22 11 78 77 154 135 912 197 88 79 
22 11 78 77 154 136 912 197 88 79 
22 11 78 77 154 137 912 197 88 79 
22 11 78 77 154 138 912 197 88 79 
22 11 78 77 154 139 912 197 88 79 
22 11 78 77 154 140 912 197 88 79 
22 11 78 77 154 141 912 197 88 79 
22 11 78 77 154 142 912 197 88 79 
22 11 78 77 154 143 912 197 88 79 
22 11 78 77 154 144 912 197 88 79 
22 11 78 77 154 145 912 197 88 79 
22 11 78 77 154 146 912 197 88 79 
22 11 78 77 154 147 912 197 88 79 
22 11 78 77 154 148 912 197 88 79 
22 11 78 77 154 149 912 197 88 79 
22 11 78 77 154 150 912 197 88 79 
22 11 78 77 154 151 912 197 88 79 
22 11 78 77 154 152 912 197 88 79 
22 11 78 77 154 153 912 197 88 79 
22 11 78 77 154 154 912 197 88 79 
23 11 51 317 367 317 923 183 68 95 
23 11 51 317 367 318 923 183 68 95 
23 11 51 317 367 319 923 183 68 95 
23 11 51 317 367 320 923 183 68 95 
23 11 51 317 367 321 923 183 68 95 
23 11 51 317 367 322 923 183 68 95 
23 11 51 317 367 323 923 183 68 95 
23 11 51 317 367 324 923 183 68 95 
23 11 51 317 367 325 923 183 68 95 
23 11 51 317 367 326 923 183 68 95 
23 11 51 317 367 327 923 183 68 95 
23 11 51 317 367 328 923 183 68 95 
23 11 51 317 367 329 923 183 68 95 
23 11 51 317 367 330 923 183 68 95 
23 11 51 317 367 331 923 183 68 95 
23 11 51 317 367 332 923 183 68 95 
23 11 51 317 367 333 923 183 68 95 
23 11 51 317 367 334 923 183 68 95 
23 11 51 317 367 335 923 183 68 95 
23 11 51 317 367 336 923 183 68 95 
23 11 51 317 367 337 923 183 68 95 
23 11 51 317 367 338 923 183 68 95 
23 11 51 317 367 339 923 183 68 95 
23 11 51 317 367 340 923 183 68 95 
23 11 51 317 367 341 923 183 68 95 
23 11 51 317 367 342 923 183 68 95 
23 11 51 317 367 343 923 183 68 95 
23 11 51 317 367 344 923 183 68 95 
23 11 51 317 367 345 923 183 68 95 
23 11 51 317 367 346 923 183 68 95 
23 11 51 317 367 347 923 183 68 95 
23 11 51 317 367 348 923 183 68 95 
23 11 51 317 367 349 923 183 68 95 
23 11 51 317 367 350 923 183 68 95 
23 11 51 317 367 351 923 183 68 95 
23 11 51 317 367 352 923 183 68 95 
23 11 51 317 367 353 923 183 68 95 
23 11 51 317 367 354 923 183 68 95 
23 11 51 317 367 355 923 183 68 95 
23 11 51 317 367 356 923 183 68 95 
23 11 51 317 367 357 923 183 68 95 
23 11 51 317 367 358 923 183 68 95 
23 11 51 317 367 359 923 183 68 95 
23 11 51 317 367 360 923 183 68 95 
23 11 51 317 367 361 923 183 68 95 
23 11 51 317 367 362 923 183 68 95 
23 11 51 317 367 363 923 183 68 95 
23 11 51 317 367 364 923 183 68 95 
23 11 51 317 367 365 923 183 68 95 
23 11 51 317 367 366 923 183 68 95 
23 11 51 317 367 367 923 183 68 95 
24 11 94 290 383 290 895 182 89 99 
24 11 94 290 383 291 895 182 89 99 
24 11 94 290 383 292 895 182 89 99 
24 11 94 290 383 293 895 182 89 99 
24 11 94 290 383 294 895 182 89 99 
24 11 94 290 383 295 895 182 89 99 
24 11 94 290 383 296 895 182 89 99 
24 11 94 290 383 297 895 182 89 99 
24 11 94 290 383 298 895 182 89 99 
24 11 94 290 383 299 895 182 89 99 
24 11 94 290 383 300 895 182 89 99 
24 11 94 290 383 301 895 182 89 99 
24 11 94 290 383 302 895 182 89 99 
24 11 94 290 383 303 895 182 89 99 
24 11 94 290 383 304 895 182 89 99 
24 11 94 290 383 305 895 182 89 99 
24 11 94 290 383 306 895 182 89 99 
24 11 94 290 383 307 895 182 89 99 
24 11 94 290 383 308 895 182 89 99 
24 11 94 290 383 309 895 182 89 99 
24 11 94 290 383 310 895 182 89 99 
24 11 94 290 383 311 895 182 89 99 
24 11 94 290 383 312 895 182 89 99 
24 11 94 290 383 313 895 182 89 99 
24 11 94 290 383 314 895 182 89 99 
24 11 94 290 383 315 895 182 89 99 
24 11 94 290 383 316 895 182 89 99 
24 11 94 290 383 317 895 182 89 99 
24 11 94 290 383 318 895 182 89 99 
24 11 94 290 383 319 895 182 89 99 
24 11 94 290 383 320 895 182 89 99 
24 11 94 290 383 321 895 182 89 99 
24 11 94 290 383 322 895 182 89 99 
24 11 94 290 383 323 895 182 89 99 
24 11 94 290 383 324 895 182 89 99 
24 11 94 290 383 325 895 182 89 99 
24 11 94 290 383 326 895 182 89 99 
24 11 94 290 383 327 895 182 89 99 
24 11 94 290 383 328 895 182 89 99 
24 11 94 290 383 329 895 182 89 99 
24 11 94 290 383 330 895 182 89 99 
24 11 94 290 383 331 895 182 89 99 
24 11 94 290 383 332 895 182 89 99 
24 11 94 290 383 333 895 182 89 99 
24 11 94 290 383 334 895 182 89 99 
24 11 94 290 383 335 895 182 89 99 
24 11 94 290 383 336 895 182 89 99 
24 11 94 290 383 337 895 182 89 99 
24 11 94 290 383 338 895 182 89 99 
24 11 94 290 383 339 895 182 89 99 
24 11 94 290 383 340 895 182 89 99 
24 11 94 290 383 341 895 182 89 99 
24 11 94 290 383 342 895 182 89 99 
24 11 94 290 383 343 895 182 89 99 
24 11 94 290 383 344 895 182 89 99 
24 11 94 290 383 345 895 182 89 99 
24 11 94 290 383 346 895 182 89 99 
24 11 94 290 383 347 895 182 89 99 
24 11 94 290 383 348 895 182 89 99 
24 11 94 290 383 349 895 182 89 99 
24 11 94 290 383 350 895 182 89 99 
24 11 94 290 383 351 895 182 89 99 
24 11 94 290 383 352 895 182 89 99 
24 11 94 290 383 353 895 182 89 99 
24 11 94 290 383 354 895 182 89 99 
24 11 94 290 383 355 895 182 89 99 
24 11 94 290 383 356 895 182 89 99 
24 11 94 290 383 357 895 182 89 99 
24 11 94 290 383 358 895 182 89 99 
24 11 94 290 383 359 895 182 89 99 
24 11 94 290 383 360 895 182 89 99 
24 11 94 290 383 361 895 182 89 99 
24 11 94 290 383 362 895 182 89 99 
24 11 94 290 383 363 895 182 89 99 
24 11 94 290 383 364 895 182 89 99 
24 11 94 290 383 365 895 182 89 99 
24 11 94 290 383 366 895 182 89 99 
24 11 94 290 383 367 895 182 89 99 
24 11 94 290 383 368 895 182 89 99 
24 11 94 290 383 369 895 182 89 99 
24 11 94 290 383 370 895 182 89 99 
24 11 94 290 383 371 895 182 89 99 
24 11 94 290 383 372 895 182 89 99 
24 11 94 290 383 373 895 182 89 99 
24 11 94 290 383 374 895 182 89 99 
24 11 94 290 383 375 895 182 89 99 
24 11 94 290 383 376 895 182 89 99 
24 11 94 290 383 377 895 182 89 99 
24 11 94 290 383 378 895 182 89 99 
24 11 94 290 383 379 895 182 89 99 
24 11 94 290 383 380 895 182 89 99 
24 11 94 290 383 381 895 182 89 99 
24 11 94 290 383 382 895 182 89 99 
24 11 94 290 383 383 895 182 89 99 
