0 11 53 59 111 59 765 199 62 74 
0 11 53 59 111 60 765 199 62 74 
0 11 53 59 111 61 765 199 62 74 
0 11 53 59 111 62 765 199 62 74 
0 11 53 59 111 63 765 199 62 74 
0 11 53 59 111 64 765 199 62 74 
0 11 53 59 111 65 765 199 62 74 
0 11 53 59 111 66 765 199 62 74 
0 11 53 59 111 67 765 199 62 74 
0 11 53 59 111 68 765 199 62 74 
0 11 53 59 111 69 765 199 62 74 
0 11 53 59 111 70 765 199 62 74 
0 11 53 59 111 71 765 199 62 74 
0 11 53 59 111 72 765 199 62 74 
0 11 53 59 111 73 765 199 62 74 
0 11 53 59 111 74 765 199 62 74 
0 11 53 59 111 75 765 199 62 74 
0 11 53 59 111 76 765 199 62 74 
0 11 53 59 111 77 765 199 62 74 
0 11 53 59 111 78 765 199 62 74 
0 11 53 59 111 79 765 199 62 74 
0 11 53 59 111 80 765 199 62 74 
0 11 53 59 111 81 765 199 62 74 
0 11 53 59 111 82 765 199 62 74 
0 11 53 59 111 83 765 199 62 74 
0 11 53 59 111 84 765 199 62 74 
0 11 53 59 111 85 765 199 62 74 
0 11 53 59 111 86 765 199 62 74 
0 11 53 59 111 87 765 199 62 74 
0 11 53 59 111 88 765 199 62 74 
0 11 53 59 111 89 765 199 62 74 
0 11 53 59 111 90 765 199 62 74 
0 11 53 59 111 91 765 199 62 74 
0 11 53 59 111 92 765 199 62 74 
0 11 53 59 111 93 765 199 62 74 
0 11 53 59 111 94 765 199 62 74 
0 11 53 59 111 95 765 199 62 74 
0 11 53 59 111 96 765 199 62 74 
0 11 53 59 111 97 765 199 62 74 
0 11 53 59 111 98 765 199 62 74 
0 11 53 59 111 99 765 199 62 74 
0 11 53 59 111 100 765 199 62 74 
0 11 53 59 111 101 765 199 62 74 
0 11 53 59 111 102 765 199 62 74 
0 11 53 59 111 103 765 199 62 74 
0 11 53 59 111 104 765 199 62 74 
0 11 53 59 111 105 765 199 62 74 
0 11 53 59 111 106 765 199 62 74 
0 11 53 59 111 107 765 199 62 74 
0 11 53 59 111 108 765 199 62 74 
0 11 53 59 111 109 765 199 62 74 
0 11 53 59 111 110 765 199 62 74 
0 11 53 59 111 111 765 199 62 74 
1 12 47 126 172 126 923 196 70 78 
1 12 47 126 172 127 923 196 70 78 
1 12 47 126 172 128 923 196 70 78 
1 12 47 126 172 129 923 196 70 78 
1 12 47 126 172 130 923 196 70 78 
1 12 47 126 172 131 923 196 70 78 
1 12 47 126 172 132 923 196 70 78 
1 12 47 126 172 133 923 196 70 78 
1 12 47 126 172 134 923 196 70 78 
1 12 47 126 172 135 923 196 70 78 
1 12 47 126 172 136 923 196 70 78 
1 12 47 126 172 137 923 196 70 78 
1 12 47 126 172 138 923 196 70 78 
1 12 47 126 172 139 923 196 70 78 
1 12 47 126 172 140 923 196 70 78 
1 12 47 126 172 141 923 196 70 78 
1 12 47 126 172 142 923 196 70 78 
1 12 47 126 172 143 923 196 70 78 
1 12 47 126 172 144 923 196 70 78 
1 12 47 126 172 145 923 196 70 78 
1 12 47 126 172 146 923 196 70 78 
1 12 47 126 172 147 923 196 70 78 
1 12 47 126 172 148 923 196 70 78 
1 12 47 126 172 149 923 196 70 78 
1 12 47 126 172 150 923 196 70 78 
1 12 47 126 172 151 923 196 70 78 
1 12 47 126 172 152 923 196 70 78 
1 12 47 126 172 153 923 196 70 78 
1 12 47 126 172 154 923 196 70 78 
1 12 47 126 172 155 923 196 70 78 
1 12 47 126 172 156 923 196 70 78 
1 12 47 126 172 157 923 196 70 78 
1 12 47 126 172 158 923 196 70 78 
1 12 47 126 172 159 923 196 70 78 
1 12 47 126 172 160 923 196 70 78 
1 12 47 126 172 161 923 196 70 78 
1 12 47 126 172 162 923 196 70 78 
1 12 47 126 172 163 923 196 70 78 
1 12 47 126 172 164 923 196 70 78 
1 12 47 126 172 165 923 196 70 78 
1 12 47 126 172 166 923 196 70 78 
1 12 47 126 172 167 923 196 70 78 
1 12 47 126 172 168 923 196 70 78 
1 12 47 126 172 169 923 196 70 78 
1 12 47 126 172 170 923 196 70 78 
1 12 47 126 172 171 923 196 70 78 
1 12 47 126 172 172 923 196 70 78 
2 9 316 0 315 0 323 257 54 96 
2 9 316 0 315 1 323 257 52 96 
2 9 316 0 315 2 321 257 52 96 
2 9 316 0 315 3 321 259 52 96 
2 9 316 0 315 4 318 259 54 96 
2 9 316 0 315 5 318 261 54 96 
2 9 316 0 315 6 316 261 54 96 
2 9 316 0 315 7 314 263 54 96 
2 9 316 0 315 8 314 263 54 96 
2 9 316 0 315 9 314 264 52 96 
2 9 316 0 315 10 314 264 52 96 
2 9 316 0 315 11 311 266 54 96 
2 9 316 0 315 12 309 266 54 96 
2 9 316 0 315 13 309 268 54 96 
2 9 316 0 315 14 307 268 54 96 
2 9 316 0 315 15 307 270 54 96 
2 9 316 0 315 16 307 270 52 96 
2 9 316 0 315 17 305 270 52 96 
2 9 316 0 315 18 305 269 52 99 
2 9 316 0 315 19 302 269 54 99 
2 9 316 0 315 20 299 269 58 99 
2 9 316 0 315 21 300 269 54 100 
2 9 316 0 315 22 298 269 54 100 
2 9 316 0 315 23 297 269 56 100 
2 9 316 0 315 24 298 268 52 103 
2 9 316 0 315 25 295 268 56 103 
2 9 316 0 315 26 292 268 58 103 
2 9 316 0 315 27 293 268 54 106 
2 9 316 0 315 28 290 268 58 106 
2 9 316 0 315 29 290 268 56 106 
2 9 316 0 315 30 290 267 56 109 
2 9 316 0 315 31 288 267 56 109 
2 9 316 0 315 32 288 270 56 108 
2 9 316 0 315 33 286 270 56 108 
2 9 316 0 315 34 286 270 56 108 
2 9 316 0 315 35 283 270 58 109 
2 9 316 0 315 36 283 270 58 109 
2 9 316 0 315 37 281 272 58 109 
2 9 316 0 315 38 281 272 58 109 
2 9 316 0 315 39 281 272 58 109 
2 9 316 0 315 40 281 274 56 109 
2 9 316 0 315 41 281 274 56 109 
2 9 316 0 315 42 279 276 56 109 
2 9 316 0 315 43 279 276 56 109 
2 9 316 0 315 44 279 276 56 109 
2 9 316 0 315 45 276 277 58 109 
2 9 316 0 315 46 276 277 58 109 
2 9 316 0 315 47 274 279 58 109 
2 9 316 0 315 48 274 279 58 109 
2 9 316 0 315 49 274 279 58 109 
2 9 316 0 315 50 274 281 56 109 
2 9 316 0 315 51 274 281 56 109 
2 9 316 0 315 52 272 283 56 109 
2 9 316 0 315 53 272 283 56 109 
2 9 316 0 315 54 272 286 56 108 
2 9 316 0 315 55 270 286 56 108 
2 9 316 0 315 56 270 286 56 109 
2 9 316 0 315 57 267 286 58 109 
2 9 316 0 315 58 267 288 58 109 
2 9 316 0 315 59 264 288 62 112 
2 9 316 0 315 60 265 290 58 109 
2 9 316 0 315 61 264 290 60 112 
2 9 316 0 315 62 264 292 60 109 
2 9 316 0 315 63 262 292 60 111 
2 9 316 0 315 64 262 293 60 112 
2 9 316 0 315 65 259 293 64 112 
2 9 316 0 315 66 260 295 60 112 
2 9 316 0 315 67 260 297 60 112 
2 9 316 0 315 68 257 297 64 112 
2 9 316 0 315 69 257 299 62 111 
2 9 316 0 315 70 256 299 64 111 
2 9 316 0 315 71 256 301 64 111 
2 9 316 0 315 72 254 301 64 114 
2 9 316 0 315 73 254 302 64 112 
2 9 316 0 315 74 251 301 68 115 
2 9 316 0 315 75 252 304 64 112 
2 9 316 0 315 76 249 303 68 115 
2 9 316 0 315 77 249 306 68 114 
2 9 316 0 315 78 247 306 68 114 
2 9 316 0 315 79 247 308 68 114 
2 9 316 0 315 80 247 308 68 115 
2 9 316 0 315 81 246 308 66 115 
2 9 316 0 315 82 244 308 68 115 
2 9 316 0 315 83 242 310 68 115 
2 9 316 0 315 84 240 310 68 115 
2 9 316 0 315 85 239 313 66 114 
2 9 316 0 315 86 239 313 66 114 
2 9 316 0 315 87 237 315 68 114 
2 9 316 0 315 88 235 315 68 114 
2 9 316 0 315 89 233 317 68 114 
2 9 316 0 315 90 231 317 68 114 
2 9 316 0 315 91 231 317 68 115 
2 9 316 0 315 92 230 317 66 115 
2 9 316 0 315 93 228 317 68 115 
2 9 316 0 315 94 226 317 68 115 
2 9 316 0 315 95 224 317 68 115 
2 9 316 0 315 96 223 317 66 115 
2 9 316 0 315 97 221 317 68 115 
2 9 316 0 315 98 221 320 68 112 
2 9 316 0 315 99 219 320 68 112 
2 9 316 0 315 100 217 320 68 112 
2 9 316 0 315 101 215 320 68 112 
2 9 316 0 315 102 214 320 66 112 
2 9 316 0 315 103 212 320 68 112 
2 9 316 0 315 104 210 320 68 112 
2 9 316 0 315 105 210 322 68 112 
2 9 316 0 315 106 208 322 68 112 
2 9 316 0 315 107 207 324 66 111 
2 9 316 0 315 108 205 325 68 112 
2 9 316 0 315 109 205 325 68 112 
2 9 316 0 315 110 203 327 68 112 
2 9 316 0 315 111 201 329 68 112 
2 9 316 0 315 112 199 329 68 112 
2 9 316 0 315 113 199 331 68 111 
2 9 316 0 315 114 198 333 66 111 
2 9 316 0 315 115 196 333 68 111 
2 9 316 0 315 116 194 334 68 112 
2 9 316 0 315 117 194 336 68 112 
2 9 316 0 315 118 192 336 68 112 
2 9 316 0 315 119 191 338 66 112 
2 9 316 0 315 120 191 340 66 111 
2 9 316 0 315 121 189 340 68 111 
2 9 316 0 315 122 190 341 64 112 
2 9 316 0 315 123 187 341 68 112 
2 9 316 0 315 124 188 343 64 112 
2 9 316 0 315 125 186 343 64 112 
2 9 316 0 315 126 186 345 64 112 
2 9 316 0 315 127 184 347 64 111 
2 9 316 0 315 128 184 347 62 111 
2 9 316 0 315 129 183 349 64 111 
2 9 316 0 315 130 184 349 60 111 
2 9 316 0 315 131 182 350 60 112 
2 9 316 0 315 132 182 350 60 112 
2 9 316 0 315 133 180 352 60 112 
2 9 316 0 315 134 180 354 58 112 
2 9 316 0 315 135 177 354 62 112 
2 9 316 0 315 136 178 356 58 111 
2 9 316 0 315 137 178 356 56 111 
2 9 316 0 315 138 178 357 56 112 
2 9 316 0 315 139 176 357 56 112 
2 9 316 0 315 140 177 359 52 112 
2 9 316 0 315 141 177 361 52 112 
2 9 316 0 315 142 174 361 54 112 
2 9 316 0 315 143 172 361 54 112 
2 9 316 0 315 144 170 363 54 111 
2 9 316 0 315 145 170 363 54 111 
2 9 316 0 315 146 170 365 52 111 
2 9 316 0 315 147 167 365 54 111 
2 9 316 0 315 148 165 366 54 112 
2 9 316 0 315 149 165 366 54 112 
2 9 316 0 315 150 163 368 54 112 
2 9 316 0 315 151 163 368 52 112 
2 9 316 0 315 152 161 370 52 112 
2 9 316 0 315 153 161 370 52 112 
2 9 316 0 315 154 158 372 54 111 
2 9 316 0 315 155 156 372 54 111 
2 9 316 0 315 156 156 373 54 112 
2 9 316 0 315 157 154 373 54 112 
2 9 316 0 315 158 153 373 56 112 
2 9 316 0 315 159 154 375 52 112 
2 9 316 0 315 160 151 375 56 112 
2 9 316 0 315 161 151 374 56 115 
2 9 316 0 315 162 148 377 58 112 
2 9 316 0 315 163 148 377 58 112 
2 9 316 0 315 164 145 377 62 114 
2 9 316 0 315 165 146 379 58 111 
2 9 316 0 315 166 145 379 60 114 
2 9 316 0 315 167 146 379 56 114 
2 9 316 0 315 168 143 381 60 114 
2 9 316 0 315 169 140 381 64 114 
2 9 316 0 315 170 141 381 60 114 
2 9 316 0 315 171 138 381 64 115 
2 9 316 0 315 172 138 381 64 115 
2 9 316 0 315 173 136 381 64 118 
2 9 316 0 315 174 136 383 64 115 
2 9 316 0 315 175 135 383 64 115 
2 9 316 0 315 176 135 383 64 117 
2 9 316 0 315 177 132 386 68 114 
2 9 316 0 315 178 133 385 64 117 
2 9 316 0 315 179 130 385 68 117 
2 9 316 0 315 180 130 387 68 117 
2 9 316 0 315 181 127 387 72 117 
2 9 316 0 315 182 127 387 72 117 
2 9 316 0 315 183 127 387 72 120 
2 9 316 0 315 184 127 387 72 120 
2 9 316 0 315 185 125 388 74 118 
2 9 316 0 315 186 125 388 74 120 
2 9 316 0 315 187 125 388 74 120 
2 9 316 0 315 188 125 387 74 123 
2 9 316 0 315 189 122 390 78 120 
2 9 316 0 315 190 122 390 78 120 
2 9 316 0 315 191 122 389 78 123 
2 9 316 0 315 192 122 389 78 123 
2 9 316 0 315 193 122 391 78 123 
2 9 316 0 315 194 122 391 78 123 
2 9 316 0 315 195 122 393 78 123 
2 9 316 0 315 196 122 393 78 124 
2 9 316 0 315 197 122 392 78 127 
2 9 316 0 315 198 120 392 78 127 
2 9 316 0 315 199 120 392 78 127 
2 9 316 0 315 200 120 392 78 127 
2 9 316 0 315 201 118 392 78 127 
2 9 316 0 315 202 118 392 78 127 
2 9 316 0 315 203 118 392 78 127 
2 9 316 0 315 204 116 392 80 127 
2 9 316 0 315 205 116 392 80 127 
2 9 316 0 315 206 116 394 80 127 
2 9 316 0 315 207 115 394 78 127 
2 9 316 0 315 208 115 394 78 127 
2 9 316 0 315 209 113 394 78 130 
2 9 316 0 315 210 113 394 78 130 
2 9 316 0 315 211 114 394 74 132 
2 9 316 0 315 212 111 395 78 130 
2 9 316 0 315 213 112 394 74 133 
2 9 316 0 315 214 112 394 74 133 
2 9 316 0 315 215 110 394 76 133 
2 9 316 0 315 216 110 394 76 136 
2 9 316 0 315 217 109 396 74 133 
2 9 316 0 315 218 109 396 74 136 
2 9 316 0 315 219 110 396 70 136 
2 9 316 0 315 220 107 395 74 139 
2 9 316 0 315 221 108 395 70 139 
2 9 316 0 315 222 108 398 70 138 
2 9 316 0 315 223 106 398 72 138 
2 9 316 0 315 224 104 398 72 138 
2 9 316 0 315 225 102 398 72 138 
2 9 316 0 315 226 102 400 72 138 
2 9 316 0 315 227 101 400 70 138 
2 9 316 0 315 228 99 400 70 138 
2 9 316 0 315 229 99 400 70 139 
2 9 316 0 315 230 97 400 72 139 
2 9 316 0 315 231 95 400 72 139 
2 9 316 0 315 232 94 400 70 139 
2 9 316 0 315 233 94 402 70 139 
2 9 316 0 315 234 92 402 70 139 
2 9 316 0 315 235 90 402 72 139 
2 9 316 0 315 236 90 405 72 138 
2 9 316 0 315 237 88 405 72 138 
2 9 316 0 315 238 86 405 72 138 
2 9 316 0 315 239 85 405 70 138 
2 9 316 0 315 240 85 407 70 138 
2 9 316 0 315 241 83 407 70 138 
2 9 316 0 315 242 81 407 72 138 
2 9 316 0 315 243 81 409 72 138 
2 9 316 0 315 244 79 409 72 138 
2 9 316 0 315 245 78 409 70 138 
2 9 316 0 315 246 76 409 70 138 
2 9 316 0 315 247 74 409 72 138 
2 9 316 0 315 248 72 409 72 138 
2 9 316 0 315 249 72 409 72 139 
2 9 316 0 315 250 70 409 72 139 
2 9 316 0 315 251 69 409 70 139 
2 9 316 0 315 252 67 409 70 139 
2 9 316 0 315 253 65 409 72 139 
2 9 316 0 315 254 65 411 72 139 
2 9 316 0 315 255 63 411 72 139 
2 9 316 0 315 256 62 411 70 139 
2 9 316 0 315 257 60 411 70 139 
2 9 316 0 315 258 58 411 72 139 
2 9 316 0 315 259 58 414 72 138 
2 9 316 0 315 260 56 414 72 138 
2 9 316 0 315 261 54 413 72 141 
2 9 316 0 315 262 53 413 70 144 
2 9 316 0 315 263 50 415 74 141 
2 9 316 0 315 264 48 415 74 144 
2 9 316 0 315 265 46 414 76 145 
2 9 316 0 315 266 44 415 78 147 
2 9 316 0 315 267 42 415 78 147 
2 9 316 0 315 268 40 415 78 150 
2 9 316 0 315 269 38 414 78 153 
2 9 316 0 315 270 35 417 82 150 
2 9 316 0 315 271 34 416 82 153 
2 9 316 0 315 272 32 416 82 154 
2 9 316 0 315 273 29 418 86 154 
2 9 316 0 315 274 27 418 86 154 
2 9 316 0 315 275 27 418 84 154 
2 9 316 0 315 276 25 420 84 154 
2 9 316 0 315 277 22 420 86 154 
2 9 316 0 315 278 20 422 86 154 
2 9 316 0 315 279 18 422 86 154 
2 9 316 0 315 280 18 423 84 154 
2 9 316 0 315 281 15 423 86 154 
2 9 316 0 315 282 13 425 86 154 
2 9 316 0 315 283 11 425 86 154 
2 9 316 0 315 284 11 427 84 154 
2 9 316 0 315 285 9 427 84 154 
2 9 316 0 315 286 6 429 86 154 
2 9 316 0 315 287 4 429 86 154 
2 9 316 0 315 288 2 430 86 156 
2 9 316 0 315 289 0 430 87 156 
2 9 316 0 315 290 0 430 86 156 
2 9 316 0 315 291 0 430 84 156 
2 9 316 0 315 292 0 432 82 154 
2 9 316 0 315 293 0 432 80 154 
2 9 316 0 315 294 0 432 78 154 
2 9 316 0 315 295 0 432 77 154 
2 9 316 0 315 296 0 434 75 154 
2 9 316 0 315 297 0 434 73 154 
2 9 316 0 315 298 0 434 71 154 
2 9 316 0 315 299 0 434 70 154 
2 9 316 0 315 300 0 436 68 154 
2 9 316 0 315 301 0 436 60 154 
2 9 316 0 315 302 0 438 55 154 
2 9 316 0 315 303 0 438 49 154 
2 9 316 0 315 304 0 439 45 154 
2 9 316 0 315 305 0 439 39 154 
2 9 316 0 315 306 0 441 34 154 
2 9 316 0 315 307 0 443 28 154 
2 9 316 0 315 308 0 443 25 154 
2 9 316 0 315 309 0 443 24 154 
2 9 316 0 315 310 0 443 24 154 
2 9 316 0 315 311 0 443 21 154 
2 9 316 0 315 312 0 443 21 154 
2 9 316 0 315 313 0 443 18 154 
2 9 316 0 315 314 0 443 18 154 
2 9 316 0 315 315 0 443 18 154 
3 9 622 0 621 0 628 204 38 70 
3 9 622 0 621 1 626 204 40 70 
3 9 622 0 621 2 626 204 40 70 
3 9 622 0 621 3 626 204 40 70 
3 9 622 0 621 4 626 204 40 70 
3 9 622 0 621 5 626 204 40 70 
3 9 622 0 621 6 626 204 40 70 
3 9 622 0 621 7 626 204 40 70 
3 9 622 0 621 8 626 204 40 70 
3 9 622 0 621 9 626 204 40 70 
3 9 622 0 621 10 626 204 40 70 
3 9 622 0 621 11 626 204 40 70 
3 9 622 0 621 12 626 204 40 70 
3 9 622 0 621 13 626 204 40 70 
3 9 622 0 621 14 626 204 40 70 
3 9 622 0 621 15 626 204 40 70 
3 9 622 0 621 16 626 204 40 70 
3 9 622 0 621 17 626 204 40 70 
3 9 622 0 621 18 626 204 40 70 
3 9 622 0 621 19 626 204 40 70 
3 9 622 0 621 20 626 204 40 70 
3 9 622 0 621 21 626 204 40 70 
3 9 622 0 621 22 624 204 40 70 
3 9 622 0 621 23 624 204 40 70 
3 9 622 0 621 24 624 204 40 70 
3 9 622 0 621 25 624 204 40 70 
3 9 622 0 621 26 624 204 40 70 
3 9 622 0 621 27 624 204 40 70 
3 9 622 0 621 28 624 204 40 70 
3 9 622 0 621 29 624 204 40 70 
3 9 622 0 621 30 624 204 40 70 
3 9 622 0 621 31 624 204 40 70 
3 9 622 0 621 32 624 204 40 70 
3 9 622 0 621 33 624 204 40 70 
3 9 622 0 621 34 624 204 40 70 
3 9 622 0 621 35 624 204 40 70 
3 9 622 0 621 36 624 204 40 70 
3 9 622 0 621 37 624 204 40 70 
3 9 622 0 621 38 624 204 40 70 
3 9 622 0 621 39 624 204 40 70 
3 9 622 0 621 40 624 204 40 70 
3 9 622 0 621 41 624 204 40 70 
3 9 622 0 621 42 624 204 40 70 
3 9 622 0 621 43 624 203 40 72 
3 9 622 0 621 44 624 203 40 72 
3 9 622 0 621 45 624 203 40 72 
3 9 622 0 621 46 624 203 40 72 
3 9 622 0 621 47 624 203 40 72 
3 9 622 0 621 48 624 203 40 72 
3 9 622 0 621 49 624 203 40 72 
3 9 622 0 621 50 624 203 40 72 
3 9 622 0 621 51 624 203 40 72 
3 9 622 0 621 52 624 203 40 72 
3 9 622 0 621 53 624 203 40 72 
3 9 622 0 621 54 624 203 40 72 
3 9 622 0 621 55 624 203 40 72 
3 9 622 0 621 56 624 203 40 72 
3 9 622 0 621 57 624 203 40 72 
3 9 622 0 621 58 624 203 40 72 
3 9 622 0 621 59 624 203 40 72 
3 9 622 0 621 60 624 203 40 72 
3 9 622 0 621 61 624 203 40 72 
3 9 622 0 621 62 624 203 40 72 
3 9 622 0 621 63 624 203 40 72 
3 9 622 0 621 64 624 203 40 72 
3 9 622 0 621 65 624 203 40 72 
3 9 622 0 621 66 624 203 40 72 
3 9 622 0 621 67 624 203 40 72 
3 9 622 0 621 68 624 203 40 72 
3 9 622 0 621 69 624 203 40 72 
3 9 622 0 621 70 624 203 40 72 
3 9 622 0 621 71 624 203 40 72 
3 9 622 0 621 72 624 203 40 72 
3 9 622 0 621 73 624 203 40 72 
3 9 622 0 621 74 624 203 40 72 
3 9 622 0 621 75 624 203 40 72 
3 9 622 0 621 76 624 203 40 72 
3 9 622 0 621 77 626 200 40 75 
3 9 622 0 621 78 626 200 40 75 
3 9 622 0 621 79 626 200 40 75 
3 9 622 0 621 80 626 200 40 75 
3 9 622 0 621 81 626 200 40 75 
3 9 622 0 621 82 626 200 40 75 
3 9 622 0 621 83 626 200 40 75 
3 9 622 0 621 84 626 200 40 75 
3 9 622 0 621 85 626 200 40 75 
3 9 622 0 621 86 626 200 40 75 
3 9 622 0 621 87 626 200 40 75 
3 9 622 0 621 88 626 200 40 75 
3 9 622 0 621 89 626 200 40 75 
3 9 622 0 621 90 626 200 40 75 
3 9 622 0 621 91 626 200 40 75 
3 9 622 0 621 92 626 200 40 75 
3 9 622 0 621 93 626 200 40 75 
3 9 622 0 621 94 626 200 40 75 
3 9 622 0 621 95 626 200 40 75 
3 9 622 0 621 96 626 200 40 75 
3 9 622 0 621 97 626 200 40 75 
3 9 622 0 621 98 626 200 40 75 
3 9 622 0 621 99 626 200 40 75 
3 9 622 0 621 100 626 200 40 75 
3 9 622 0 621 101 626 200 40 75 
3 9 622 0 621 102 626 200 40 75 
3 9 622 0 621 103 626 200 40 75 
3 9 622 0 621 104 626 200 40 75 
3 9 622 0 621 105 626 200 40 75 
3 9 622 0 621 106 626 200 40 75 
3 9 622 0 621 107 626 200 40 75 
3 9 622 0 621 108 626 200 40 75 
3 9 622 0 621 109 626 200 40 75 
3 9 622 0 621 110 626 200 40 75 
3 9 622 0 621 111 628 200 38 75 
3 9 622 0 621 112 626 200 40 75 
3 9 622 0 621 113 626 200 40 75 
3 9 622 0 621 114 626 200 40 75 
3 9 622 0 621 115 626 200 40 75 
3 9 622 0 621 116 626 200 40 75 
3 9 622 0 621 117 626 200 40 75 
3 9 622 0 621 118 626 200 40 75 
3 9 622 0 621 119 626 200 40 75 
3 9 622 0 621 120 624 200 40 75 
3 9 622 0 621 121 624 200 40 75 
3 9 622 0 621 122 624 200 40 75 
3 9 622 0 621 123 624 200 40 75 
3 9 622 0 621 124 624 200 40 75 
3 9 622 0 621 125 624 200 40 75 
3 9 622 0 621 126 624 200 40 75 
3 9 622 0 621 127 624 200 40 75 
3 9 622 0 621 128 622 200 40 75 
3 9 622 0 621 129 622 200 40 75 
3 9 622 0 621 130 622 200 40 75 
3 9 622 0 621 131 622 200 40 75 
3 9 622 0 621 132 622 200 40 75 
3 9 622 0 621 133 622 200 40 75 
3 9 622 0 621 134 622 200 40 75 
3 9 622 0 621 135 622 200 40 75 
3 9 622 0 621 136 622 202 40 73 
3 9 622 0 621 137 622 202 40 73 
3 9 622 0 621 138 622 202 40 73 
3 9 622 0 621 139 622 202 40 73 
3 9 622 0 621 140 622 202 40 73 
3 9 622 0 621 141 622 202 40 73 
3 9 622 0 621 142 622 202 40 73 
3 9 622 0 621 143 622 202 40 73 
3 9 622 0 621 144 622 202 40 73 
3 9 622 0 621 145 622 202 40 73 
3 9 622 0 621 146 622 202 40 73 
3 9 622 0 621 147 622 202 40 73 
3 9 622 0 621 148 622 202 40 73 
3 9 622 0 621 149 622 202 40 73 
3 9 622 0 621 150 622 202 40 73 
3 9 622 0 621 151 622 202 40 73 
3 9 622 0 621 152 622 202 40 73 
3 9 622 0 621 153 622 202 40 73 
3 9 622 0 621 154 622 202 40 73 
3 9 622 0 621 155 622 202 40 73 
3 9 622 0 621 156 622 202 40 73 
3 9 622 0 621 157 622 202 40 73 
3 9 622 0 621 158 622 202 40 73 
3 9 622 0 621 159 622 202 40 73 
3 9 622 0 621 160 622 202 40 73 
3 9 622 0 621 161 622 202 40 73 
3 9 622 0 621 162 622 202 40 73 
3 9 622 0 621 163 622 202 40 73 
3 9 622 0 621 164 622 202 40 73 
3 9 622 0 621 165 622 202 40 73 
3 9 622 0 621 166 622 202 40 73 
3 9 622 0 621 167 622 202 40 73 
3 9 622 0 621 168 622 202 40 73 
3 9 622 0 621 169 624 202 40 73 
3 9 622 0 621 170 624 202 40 73 
3 9 622 0 621 171 624 202 40 73 
3 9 622 0 621 172 624 202 40 73 
3 9 622 0 621 173 624 202 40 73 
3 9 622 0 621 174 624 202 40 73 
3 9 622 0 621 175 624 202 40 73 
3 9 622 0 621 176 624 202 40 73 
3 9 622 0 621 177 624 202 40 73 
3 9 622 0 621 178 624 202 40 73 
3 9 622 0 621 179 624 202 40 73 
3 9 622 0 621 180 624 202 40 73 
3 9 622 0 621 181 624 202 40 73 
3 9 622 0 621 182 624 202 40 73 
3 9 622 0 621 183 624 202 40 73 
3 9 622 0 621 184 624 202 40 73 
3 9 622 0 621 185 624 202 40 73 
3 9 622 0 621 186 624 202 40 73 
3 9 622 0 621 187 624 202 40 73 
3 9 622 0 621 188 624 202 40 73 
3 9 622 0 621 189 624 202 40 73 
3 9 622 0 621 190 624 202 40 73 
3 9 622 0 621 191 624 202 40 73 
3 9 622 0 621 192 624 202 40 73 
3 9 622 0 621 193 624 202 40 73 
3 9 622 0 621 194 624 202 40 73 
3 9 622 0 621 195 624 202 40 73 
3 9 622 0 621 196 624 202 40 73 
3 9 622 0 621 197 624 202 40 73 
3 9 622 0 621 198 624 202 40 73 
3 9 622 0 621 199 624 202 40 73 
3 9 622 0 621 200 624 202 40 73 
3 9 622 0 621 201 626 202 40 73 
3 9 622 0 621 202 624 203 40 72 
3 9 622 0 621 203 624 203 40 72 
3 9 622 0 621 204 624 203 40 72 
3 9 622 0 621 205 624 203 40 72 
3 9 622 0 621 206 624 203 40 72 
3 9 622 0 621 207 624 203 40 72 
3 9 622 0 621 208 624 203 40 72 
3 9 622 0 621 209 624 203 40 72 
3 9 622 0 621 210 624 203 40 72 
3 9 622 0 621 211 624 203 40 72 
3 9 622 0 621 212 624 203 40 72 
3 9 622 0 621 213 624 203 40 72 
3 9 622 0 621 214 624 203 40 72 
3 9 622 0 621 215 624 203 40 72 
3 9 622 0 621 216 624 203 40 72 
3 9 622 0 621 217 624 203 40 72 
3 9 622 0 621 218 624 203 40 72 
3 9 622 0 621 219 624 203 40 72 
3 9 622 0 621 220 624 203 40 72 
3 9 622 0 621 221 624 203 40 72 
3 9 622 0 621 222 624 203 40 72 
3 9 622 0 621 223 624 203 40 72 
3 9 622 0 621 224 624 203 40 72 
3 9 622 0 621 225 624 203 40 72 
3 9 622 0 621 226 624 203 40 72 
3 9 622 0 621 227 624 203 40 72 
3 9 622 0 621 228 624 203 40 72 
3 9 622 0 621 229 624 203 40 72 
3 9 622 0 621 230 624 203 40 72 
3 9 622 0 621 231 624 203 40 72 
3 9 622 0 621 232 624 203 40 72 
3 9 622 0 621 233 624 203 40 72 
3 9 622 0 621 234 624 203 40 72 
3 9 622 0 621 235 624 203 40 72 
3 9 622 0 621 236 624 203 40 72 
3 9 622 0 621 237 624 203 40 72 
3 9 622 0 621 238 624 203 40 72 
3 9 622 0 621 239 624 203 40 72 
3 9 622 0 621 240 624 203 40 72 
3 9 622 0 621 241 624 203 40 72 
3 9 622 0 621 242 624 203 40 72 
3 9 622 0 621 243 624 203 40 72 
3 9 622 0 621 244 624 203 40 72 
3 9 622 0 621 245 624 203 40 72 
3 9 622 0 621 246 624 203 40 72 
3 9 622 0 621 247 624 203 40 72 
3 9 622 0 621 248 624 203 40 72 
3 9 622 0 621 249 624 203 40 72 
3 9 622 0 621 250 624 203 40 72 
3 9 622 0 621 251 624 203 40 72 
3 9 622 0 621 252 624 203 40 72 
3 9 622 0 621 253 624 203 40 72 
3 9 622 0 621 254 624 203 40 72 
3 9 622 0 621 255 624 203 40 72 
3 9 622 0 621 256 624 203 40 72 
3 9 622 0 621 257 624 203 40 72 
3 9 622 0 621 258 624 203 40 72 
3 9 622 0 621 259 624 203 40 72 
3 9 622 0 621 260 624 203 40 72 
3 9 622 0 621 261 624 203 40 72 
3 9 622 0 621 262 624 203 40 72 
3 9 622 0 621 263 624 203 40 72 
3 9 622 0 621 264 624 203 40 72 
3 9 622 0 621 265 624 203 40 72 
3 9 622 0 621 266 624 203 40 72 
3 9 622 0 621 267 624 203 40 72 
3 9 622 0 621 268 624 203 40 72 
3 9 622 0 621 269 624 203 40 72 
3 9 622 0 621 270 624 203 40 72 
3 9 622 0 621 271 624 203 40 72 
3 9 622 0 621 272 624 203 40 72 
3 9 622 0 621 273 624 203 40 72 
3 9 622 0 621 274 624 203 40 72 
3 9 622 0 621 275 624 203 40 72 
3 9 622 0 621 276 624 203 40 72 
3 9 622 0 621 277 624 203 40 72 
3 9 622 0 621 278 624 203 40 72 
3 9 622 0 621 279 624 203 40 72 
3 9 622 0 621 280 624 203 40 72 
3 9 622 0 621 281 624 203 40 72 
3 9 622 0 621 282 624 203 40 72 
3 9 622 0 621 283 624 203 40 72 
3 9 622 0 621 284 624 203 40 72 
3 9 622 0 621 285 624 203 40 72 
3 9 622 0 621 286 624 203 40 72 
3 9 622 0 621 287 624 203 40 72 
3 9 622 0 621 288 624 203 40 72 
3 9 622 0 621 289 624 203 40 72 
3 9 622 0 621 290 624 203 40 72 
3 9 622 0 621 291 624 203 40 72 
3 9 622 0 621 292 624 203 40 72 
3 9 622 0 621 293 624 203 40 72 
3 9 622 0 621 294 624 203 40 72 
3 9 622 0 621 295 624 203 40 72 
3 9 622 0 621 296 624 203 40 72 
3 9 622 0 621 297 624 203 40 72 
3 9 622 0 621 298 624 203 40 72 
3 9 622 0 621 299 624 203 40 72 
3 9 622 0 621 300 624 203 40 72 
3 9 622 0 621 301 624 203 40 72 
3 9 622 0 621 302 624 203 40 72 
3 9 622 0 621 303 624 203 40 72 
3 9 622 0 621 304 624 203 40 72 
3 9 622 0 621 305 624 203 40 72 
3 9 622 0 621 306 624 203 40 72 
3 9 622 0 621 307 624 203 40 72 
3 9 622 0 621 308 624 203 40 72 
3 9 622 0 621 309 624 203 40 72 
3 9 622 0 621 310 624 203 40 72 
3 9 622 0 621 311 624 203 40 72 
3 9 622 0 621 312 624 203 40 72 
3 9 622 0 621 313 624 203 40 72 
3 9 622 0 621 314 624 203 40 72 
3 9 622 0 621 315 624 203 40 72 
3 9 622 0 621 316 624 203 40 72 
3 9 622 0 621 317 624 203 40 72 
3 9 622 0 621 318 624 203 40 72 
3 9 622 0 621 319 624 203 40 72 
3 9 622 0 621 320 626 203 40 72 
3 9 622 0 621 321 626 203 40 72 
3 9 622 0 621 322 626 203 40 72 
3 9 622 0 621 323 626 203 40 72 
3 9 622 0 621 324 626 204 40 70 
3 9 622 0 621 325 626 204 40 70 
3 9 622 0 621 326 626 204 40 70 
3 9 622 0 621 327 626 204 40 70 
3 9 622 0 621 328 626 204 40 70 
3 9 622 0 621 329 626 204 40 70 
3 9 622 0 621 330 626 204 40 70 
3 9 622 0 621 331 626 204 40 70 
3 9 622 0 621 332 626 204 40 70 
3 9 622 0 621 333 626 204 40 70 
3 9 622 0 621 334 626 204 40 70 
3 9 622 0 621 335 626 204 40 70 
3 9 622 0 621 336 626 204 40 70 
3 9 622 0 621 337 626 204 40 70 
3 9 622 0 621 338 626 204 40 70 
3 9 622 0 621 339 626 204 40 70 
3 9 622 0 621 340 628 204 38 70 
3 9 622 0 621 341 628 204 38 70 
3 9 622 0 621 342 628 204 38 70 
3 9 622 0 621 343 628 204 38 70 
3 9 622 0 621 344 628 204 38 70 
3 9 622 0 621 345 628 204 38 70 
3 9 622 0 621 346 628 204 38 70 
3 9 622 0 621 347 628 206 38 67 
3 9 622 0 621 348 628 206 38 67 
3 9 622 0 621 349 628 206 38 67 
3 9 622 0 621 350 628 206 38 67 
3 9 622 0 621 351 628 206 38 67 
3 9 622 0 621 352 628 206 38 67 
3 9 622 0 621 353 628 206 38 67 
3 9 622 0 621 354 628 206 38 67 
3 9 622 0 621 355 628 206 38 67 
3 9 622 0 621 356 628 206 38 67 
3 9 622 0 621 357 628 206 38 67 
3 9 622 0 621 358 628 206 38 67 
3 9 622 0 621 359 628 206 38 67 
3 9 622 0 621 360 630 206 38 67 
3 9 622 0 621 361 630 206 38 67 
3 9 622 0 621 362 630 206 38 67 
3 9 622 0 621 363 630 206 38 67 
3 9 622 0 621 364 630 206 38 67 
3 9 622 0 621 365 630 206 38 67 
3 9 622 0 621 366 630 206 38 67 
3 9 622 0 621 367 630 206 38 67 
3 9 622 0 621 368 630 206 38 67 
3 9 622 0 621 369 630 206 38 67 
3 9 622 0 621 370 630 209 38 66 
3 9 622 0 621 371 630 209 38 66 
3 9 622 0 621 372 630 209 38 66 
3 9 622 0 621 373 630 209 38 66 
3 9 622 0 621 374 630 209 38 66 
3 9 622 0 621 375 630 209 38 66 
3 9 622 0 621 376 630 209 38 66 
3 9 622 0 621 377 630 209 38 66 
3 9 622 0 621 378 630 209 38 66 
3 9 622 0 621 379 630 209 38 66 
3 9 622 0 621 380 631 209 40 66 
3 9 622 0 621 381 631 209 40 66 
3 9 622 0 621 382 631 209 40 66 
3 9 622 0 621 383 631 209 40 66 
3 9 622 0 621 384 631 209 40 66 
3 9 622 0 621 385 631 209 40 66 
3 9 622 0 621 386 631 209 40 66 
3 9 622 0 621 387 631 209 40 66 
3 9 622 0 621 388 631 209 40 66 
3 9 622 0 621 389 631 209 40 66 
3 9 622 0 621 390 631 209 40 66 
3 9 622 0 621 391 631 209 40 66 
3 9 622 0 621 392 631 209 40 66 
3 9 622 0 621 393 631 211 40 63 
3 9 622 0 621 394 631 211 40 63 
3 9 622 0 621 395 631 211 40 63 
3 9 622 0 621 396 631 211 40 63 
3 9 622 0 621 397 631 211 40 63 
3 9 622 0 621 398 631 211 40 63 
3 9 622 0 621 399 631 211 40 63 
3 9 622 0 621 400 633 211 40 63 
3 9 622 0 621 401 633 211 40 63 
3 9 622 0 621 402 633 211 40 63 
3 9 622 0 621 403 633 211 40 63 
3 9 622 0 621 404 633 211 40 63 
3 9 622 0 621 405 633 211 40 63 
3 9 622 0 621 406 633 211 40 63 
3 9 622 0 621 407 633 211 40 63 
3 9 622 0 621 408 633 211 40 63 
3 9 622 0 621 409 633 211 40 63 
3 9 622 0 621 410 633 211 40 63 
3 9 622 0 621 411 633 211 40 63 
3 9 622 0 621 412 633 211 40 63 
3 9 622 0 621 413 633 211 40 63 
3 9 622 0 621 414 633 211 40 63 
3 9 622 0 621 415 633 211 40 63 
3 9 622 0 621 416 633 214 40 60 
3 9 622 0 621 417 633 214 40 60 
3 9 622 0 621 418 633 214 40 60 
3 9 622 0 621 419 633 214 40 60 
3 9 622 0 621 420 635 214 38 60 
3 9 622 0 621 421 635 214 38 60 
3 9 622 0 621 422 635 214 38 60 
3 9 622 0 621 423 635 214 38 60 
3 9 622 0 621 424 635 214 38 60 
3 9 622 0 621 425 635 214 38 60 
3 9 622 0 621 426 635 214 38 60 
3 9 622 0 621 427 635 214 38 60 
3 9 622 0 621 428 635 214 38 60 
3 9 622 0 621 429 635 214 38 60 
3 9 622 0 621 430 635 214 38 60 
3 9 622 0 621 431 635 214 38 60 
3 9 622 0 621 432 635 214 38 60 
3 9 622 0 621 433 635 214 38 60 
3 9 622 0 621 434 635 214 38 60 
3 9 622 0 621 435 635 214 38 60 
3 9 622 0 621 436 635 214 38 60 
3 9 622 0 621 437 635 214 38 60 
3 9 622 0 621 438 635 214 38 60 
3 9 622 0 621 439 637 214 38 61 
3 9 622 0 621 440 635 214 38 60 
3 9 622 0 621 441 635 214 38 60 
3 9 622 0 621 442 635 214 38 60 
3 9 622 0 621 443 635 214 38 60 
3 9 622 0 621 444 635 214 38 60 
3 9 622 0 621 445 635 214 38 60 
3 9 622 0 621 446 635 214 38 60 
3 9 622 0 621 447 635 214 38 60 
3 9 622 0 621 448 635 214 38 60 
3 9 622 0 621 449 635 214 38 60 
3 9 622 0 621 450 635 214 38 60 
3 9 622 0 621 451 633 214 40 60 
3 9 622 0 621 452 633 214 40 60 
3 9 622 0 621 453 633 214 40 60 
3 9 622 0 621 454 633 214 40 60 
3 9 622 0 621 455 633 214 40 60 
3 9 622 0 621 456 633 214 40 60 
3 9 622 0 621 457 633 214 40 60 
3 9 622 0 621 458 633 214 40 60 
3 9 622 0 621 459 633 214 40 60 
3 9 622 0 621 460 633 214 40 60 
3 9 622 0 621 461 633 214 40 60 
3 9 622 0 621 462 633 214 40 60 
3 9 622 0 621 463 631 214 40 60 
3 9 622 0 621 464 631 214 40 60 
3 9 622 0 621 465 631 214 40 60 
3 9 622 0 621 466 631 214 40 60 
3 9 622 0 621 467 631 214 40 60 
3 9 622 0 621 468 631 214 40 60 
3 9 622 0 621 469 631 214 40 60 
3 9 622 0 621 470 631 214 40 60 
3 9 622 0 621 471 631 214 40 60 
3 9 622 0 621 472 631 214 40 60 
3 9 622 0 621 473 631 214 40 60 
3 9 622 0 621 474 631 214 40 60 
3 9 622 0 621 475 630 211 38 61 
3 9 622 0 621 476 630 211 38 61 
3 9 622 0 621 477 630 211 38 61 
3 9 622 0 621 478 630 211 38 61 
3 9 622 0 621 479 630 211 38 61 
3 9 622 0 621 480 630 211 38 61 
3 9 622 0 621 481 628 211 38 61 
3 9 622 0 621 482 628 211 38 61 
3 9 622 0 621 483 628 211 38 61 
3 9 622 0 621 484 628 211 38 61 
3 9 622 0 621 485 628 211 38 61 
3 9 622 0 621 486 628 211 38 61 
3 9 622 0 621 487 626 209 40 61 
3 9 622 0 621 488 626 209 40 61 
3 9 622 0 621 489 626 209 40 61 
3 9 622 0 621 490 626 209 40 61 
3 9 622 0 621 491 626 209 40 61 
3 9 622 0 621 492 626 209 40 61 
3 9 622 0 621 493 624 209 40 61 
3 9 622 0 621 494 624 209 40 61 
3 9 622 0 621 495 624 209 40 61 
3 9 622 0 621 496 624 209 40 61 
3 9 622 0 621 497 624 209 40 61 
3 9 622 0 621 498 624 209 40 61 
3 9 622 0 621 499 622 207 40 61 
3 9 622 0 621 500 622 207 40 61 
3 9 622 0 621 501 622 207 40 61 
3 9 622 0 621 502 622 207 40 61 
3 9 622 0 621 503 622 207 40 61 
3 9 622 0 621 504 622 207 40 61 
3 9 622 0 621 505 621 207 38 61 
3 9 622 0 621 506 621 207 38 61 
3 9 622 0 621 507 621 207 38 61 
3 9 622 0 621 508 621 207 38 61 
3 9 622 0 621 509 621 207 38 61 
3 9 622 0 621 510 621 207 38 61 
3 9 622 0 621 511 621 207 38 61 
3 9 622 0 621 512 621 207 38 61 
3 9 622 0 621 513 621 207 38 61 
3 9 622 0 621 514 621 207 38 61 
3 9 622 0 621 515 621 207 38 61 
3 9 622 0 621 516 621 207 38 61 
3 9 622 0 621 517 621 207 38 61 
3 9 622 0 621 518 621 207 38 61 
3 9 622 0 621 519 621 207 38 61 
3 9 622 0 621 520 621 207 38 61 
3 9 622 0 621 521 621 207 38 61 
3 9 622 0 621 522 621 207 38 61 
3 9 622 0 621 523 621 207 38 61 
3 9 622 0 621 524 621 207 38 61 
3 9 622 0 621 525 621 207 38 61 
3 9 622 0 621 526 621 207 38 61 
3 9 622 0 621 527 621 207 38 61 
3 9 622 0 621 528 621 207 38 61 
3 9 622 0 621 529 621 207 38 61 
3 9 622 0 621 530 621 207 38 61 
3 9 622 0 621 531 621 207 38 61 
3 9 622 0 621 532 621 207 38 61 
3 9 622 0 621 533 621 207 38 61 
3 9 622 0 621 534 621 207 38 61 
3 9 622 0 621 535 621 207 38 61 
3 9 622 0 621 536 621 207 38 61 
3 9 622 0 621 537 621 207 38 61 
3 9 622 0 621 538 621 207 38 61 
3 9 622 0 621 539 621 207 38 61 
3 9 622 0 621 540 621 207 38 61 
3 9 622 0 621 541 621 207 38 61 
3 9 622 0 621 542 621 207 38 61 
3 9 622 0 621 543 621 207 38 61 
3 9 622 0 621 544 621 207 38 61 
3 9 622 0 621 545 621 207 38 61 
3 9 622 0 621 546 621 207 38 61 
3 9 622 0 621 547 621 207 38 61 
3 9 622 0 621 548 621 207 38 61 
3 9 622 0 621 549 621 207 38 61 
3 9 622 0 621 550 621 207 38 61 
3 9 622 0 621 551 621 207 38 61 
3 9 622 0 621 552 621 207 38 61 
3 9 622 0 621 553 621 207 38 61 
3 9 622 0 621 554 621 207 38 61 
3 9 622 0 621 555 621 207 38 61 
3 9 622 0 621 556 621 207 38 61 
3 9 622 0 621 557 621 207 38 61 
3 9 622 0 621 558 621 207 38 61 
3 9 622 0 621 559 621 207 38 61 
3 9 622 0 621 560 621 207 38 61 
3 9 622 0 621 561 621 207 38 61 
3 9 622 0 621 562 621 207 38 61 
3 9 622 0 621 563 621 207 38 61 
3 9 622 0 621 564 621 207 38 61 
3 9 622 0 621 565 621 207 38 61 
3 9 622 0 621 566 621 207 38 61 
3 9 622 0 621 567 621 207 38 61 
3 9 622 0 621 568 621 207 38 61 
3 9 622 0 621 569 621 207 38 61 
3 9 622 0 621 570 621 207 38 61 
3 9 622 0 621 571 621 207 38 61 
3 9 622 0 621 572 621 207 38 61 
3 9 622 0 621 573 621 207 38 61 
3 9 622 0 621 574 621 207 38 61 
3 9 622 0 621 575 621 207 38 61 
3 9 622 0 621 576 621 207 38 61 
3 9 622 0 621 577 621 207 38 61 
3 9 622 0 621 578 621 207 38 61 
3 9 622 0 621 579 621 207 38 61 
3 9 622 0 621 580 621 207 38 61 
3 9 622 0 621 581 621 207 38 61 
3 9 622 0 621 582 621 207 38 61 
3 9 622 0 621 583 621 207 38 61 
3 9 622 0 621 584 621 207 38 61 
3 9 622 0 621 585 621 207 38 61 
3 9 622 0 621 586 621 207 38 61 
3 9 622 0 621 587 621 207 38 61 
3 9 622 0 621 588 621 207 38 61 
3 9 622 0 621 589 621 207 38 61 
3 9 622 0 621 590 621 207 38 61 
3 9 622 0 621 591 621 207 38 61 
3 9 622 0 621 592 621 207 38 61 
3 9 622 0 621 593 621 207 38 61 
3 9 622 0 621 594 621 207 38 61 
3 9 622 0 621 595 621 207 38 61 
3 9 622 0 621 596 621 207 38 61 
3 9 622 0 621 597 621 207 38 61 
3 9 622 0 621 598 621 207 38 61 
3 9 622 0 621 599 621 207 38 61 
3 9 622 0 621 600 621 207 38 61 
3 9 622 0 621 601 621 207 38 61 
3 9 622 0 621 602 621 207 38 61 
3 9 622 0 621 603 621 207 38 61 
3 9 622 0 621 604 621 207 38 61 
3 9 622 0 621 605 621 207 38 61 
3 9 622 0 621 606 621 207 38 61 
3 9 622 0 621 607 621 207 38 61 
3 9 622 0 621 608 621 207 38 61 
3 9 622 0 621 609 621 207 38 61 
3 9 622 0 621 610 621 207 38 61 
3 9 622 0 621 611 621 207 38 61 
3 9 622 0 621 612 621 207 38 61 
3 9 622 0 621 613 621 207 38 61 
3 9 622 0 621 614 621 207 38 61 
3 9 622 0 621 615 621 207 38 61 
3 9 622 0 621 616 621 207 38 61 
3 9 622 0 621 617 621 207 38 61 
3 9 622 0 621 618 621 207 38 61 
3 9 622 0 621 619 621 207 38 61 
3 9 622 0 621 620 621 207 38 61 
3 9 622 0 621 621 621 207 38 61 
4 9 91 583 673 583 1228 223 51 100 
4 9 91 583 673 584 1228 223 51 100 
4 9 91 583 673 585 1224 223 55 100 
4 9 91 583 673 586 1223 223 56 100 
4 9 91 583 673 587 1221 223 58 100 
4 9 91 583 673 588 1219 223 60 100 
4 9 91 583 673 589 1217 223 62 100 
4 9 91 583 673 590 1216 223 63 100 
4 9 91 583 673 591 1214 223 64 100 
4 9 91 583 673 592 1212 223 64 100 
4 9 91 583 673 593 1208 223 64 100 
4 9 91 583 673 594 1207 223 64 100 
4 9 91 583 673 595 1205 223 64 100 
4 9 91 583 673 596 1203 223 64 100 
4 9 91 583 673 597 1201 223 64 100 
4 9 91 583 673 598 1200 223 64 100 
4 9 91 583 673 599 1198 223 64 100 
4 9 91 583 673 600 1196 223 64 100 
4 9 91 583 673 601 1195 221 60 100 
4 9 91 583 673 602 1192 221 62 100 
4 9 91 583 673 603 1192 221 60 100 
4 9 91 583 673 604 1190 221 60 100 
4 9 91 583 673 605 1188 221 60 100 
4 9 91 583 673 606 1185 221 62 100 
4 9 91 583 673 607 1185 221 60 99 
4 9 91 583 673 608 1183 221 60 99 
4 9 91 583 673 609 1181 221 60 99 
4 9 91 583 673 610 1179 221 60 99 
4 9 91 583 673 611 1176 221 62 99 
4 9 91 583 673 612 1176 221 60 99 
4 9 91 583 673 613 1174 219 60 102 
4 9 91 583 673 614 1172 219 60 99 
4 9 91 583 673 615 1169 219 62 99 
4 9 91 583 673 616 1169 219 60 99 
4 9 91 583 673 617 1167 219 60 99 
4 9 91 583 673 618 1165 219 60 99 
4 9 91 583 673 619 1163 219 60 99 
4 9 91 583 673 620 1160 220 62 96 
4 9 91 583 673 621 1160 220 60 96 
4 9 91 583 673 622 1158 220 60 96 
4 9 91 583 673 623 1156 220 60 96 
4 9 91 583 673 624 1153 220 62 96 
4 9 91 583 673 625 1153 217 60 99 
4 9 91 583 673 626 1151 217 60 99 
4 9 91 583 673 627 1149 218 60 96 
4 9 91 583 673 628 1147 218 60 96 
4 9 91 583 673 629 1144 218 62 96 
4 9 91 583 673 630 1144 218 60 96 
4 9 91 583 673 631 1142 218 60 96 
4 9 91 583 673 632 1140 218 60 96 
4 9 91 583 673 633 1137 218 62 96 
4 9 91 583 673 634 1137 218 60 93 
4 9 91 583 673 635 1135 218 60 93 
4 9 91 583 673 636 1133 218 60 93 
4 9 91 583 673 637 1131 216 60 96 
4 9 91 583 673 638 1128 216 62 96 
4 9 91 583 673 639 1128 216 60 96 
4 9 91 583 673 640 1126 216 60 94 
4 9 91 583 673 641 1124 216 60 94 
4 9 91 583 673 642 1121 216 62 94 
4 9 91 583 673 643 1121 216 60 94 
4 9 91 583 673 644 1119 216 60 94 
4 9 91 583 673 645 1117 216 60 94 
4 9 91 583 673 646 1115 216 60 94 
4 9 91 583 673 647 1112 216 62 91 
4 9 91 583 673 648 1112 216 60 91 
4 9 91 583 673 649 1110 215 60 93 
4 9 91 583 673 650 1108 215 60 93 
4 9 91 583 673 651 1105 215 62 93 
4 9 91 583 673 652 1105 215 60 93 
4 9 91 583 673 653 1103 215 60 93 
4 9 91 583 673 654 1101 216 60 90 
4 9 91 583 673 655 1099 216 60 90 
4 9 91 583 673 656 1096 216 62 90 
4 9 91 583 673 657 1096 216 60 90 
4 9 91 583 673 658 1094 216 60 90 
4 9 91 583 673 659 1092 216 60 90 
4 9 91 583 673 660 1089 216 62 87 
4 9 91 583 673 661 1089 214 60 90 
4 9 91 583 673 662 1087 214 60 90 
4 9 91 583 673 663 1085 214 60 90 
4 9 91 583 673 664 1083 214 60 90 
4 9 91 583 673 665 1080 214 62 90 
4 9 91 583 673 666 1080 214 60 90 
4 9 91 583 673 667 1078 214 60 88 
4 9 91 583 673 668 1076 214 60 88 
4 9 91 583 673 669 1073 214 62 88 
4 9 91 583 673 670 1073 214 60 88 
4 9 91 583 673 671 1071 214 60 88 
4 9 91 583 673 672 1069 214 60 88 
4 9 91 583 673 673 1067 214 60 88 
