8 9 395 130 524 130 376 591 188 128 
8 9 395 130 524 131 374 589 188 129 
8 9 395 130 524 132 369 584 192 134 
8 9 395 130 524 133 367 581 194 137 
8 9 395 130 524 134 364 580 198 138 
8 9 395 130 524 135 361 575 202 143 
8 9 395 130 524 136 358 573 206 146 
8 9 395 130 524 137 354 570 210 148 
8 9 395 130 524 138 351 566 214 152 
8 9 395 130 524 139 348 564 218 154 
8 9 395 130 524 140 345 561 222 157 
8 9 395 130 524 141 344 560 224 158 
8 9 395 130 524 142 339 556 228 163 
8 9 395 130 524 143 336 551 232 168 
8 9 395 130 524 144 333 549 236 169 
8 9 395 130 524 145 331 544 238 174 
8 9 395 130 524 146 328 542 242 176 
8 9 395 130 524 147 325 538 246 180 
8 9 395 130 524 148 322 533 250 185 
8 9 395 130 524 149 321 531 252 188 
8 9 395 130 524 150 318 527 256 191 
8 9 395 130 524 151 315 524 260 194 
8 9 395 130 524 152 311 521 260 198 
8 9 395 130 524 153 311 518 256 200 
8 9 395 130 524 154 310 516 252 203 
8 9 395 130 524 155 308 513 252 205 
8 9 395 130 524 156 306 509 250 209 
8 9 395 130 524 157 307 507 244 211 
8 9 395 130 524 158 305 504 242 214 
8 9 395 130 524 159 303 502 242 216 
8 9 395 130 524 160 302 498 238 220 
8 9 395 130 524 161 301 496 236 223 
8 9 395 130 524 162 298 493 234 225 
8 9 395 130 524 163 296 491 234 228 
8 9 395 130 524 164 295 487 232 231 
8 9 395 130 524 165 295 484 226 234 
8 9 395 130 524 166 294 482 224 236 
8 9 395 130 524 167 292 481 224 238 
8 9 395 130 524 168 291 476 220 243 
8 9 395 130 524 169 289 473 218 245 
8 9 395 130 524 170 290 471 212 248 
8 9 395 130 524 171 287 469 214 249 
8 9 395 130 524 172 285 467 214 251 
8 9 395 130 524 173 283 464 214 254 
8 9 395 130 524 174 283 464 212 254 
8 9 395 130 524 175 284 462 208 256 
8 9 395 130 524 176 281 462 210 256 
8 9 395 130 524 177 279 461 210 258 
8 9 395 130 524 178 277 461 210 258 
8 9 395 130 524 179 277 458 210 260 
8 9 395 130 524 180 275 458 210 260 
8 9 395 130 524 181 274 456 210 263 
8 9 395 130 524 182 272 456 210 263 
8 9 395 130 524 183 273 453 206 265 
8 9 395 130 524 184 271 453 206 265 
8 9 395 130 524 185 269 451 206 268 
8 9 395 130 524 186 269 451 206 268 
8 9 395 130 524 187 268 449 206 269 
8 9 395 130 524 188 266 447 206 271 
8 9 395 130 524 189 264 447 206 271 
8 9 395 130 524 190 265 444 202 274 
8 9 395 130 524 191 263 444 204 274 
8 9 395 130 524 192 261 442 204 276 
8 9 395 130 524 193 260 442 202 276 
8 9 395 130 524 194 260 441 202 278 
8 9 395 130 524 195 258 441 202 278 
8 9 395 130 524 196 256 438 202 280 
8 9 395 130 524 197 254 438 204 280 
8 9 395 130 524 198 255 436 200 283 
8 9 395 130 524 199 254 436 198 283 
8 9 395 130 524 200 252 433 198 285 
8 9 395 130 524 201 252 433 198 285 
8 9 395 130 524 202 247 432 204 287 
8 9 395 130 524 203 245 431 204 288 
8 9 395 130 524 204 244 431 202 287 
8 9 395 130 524 205 239 430 206 289 
8 9 395 130 524 206 237 430 206 288 
8 9 395 130 524 207 236 428 206 290 
8 9 395 130 524 208 231 426 210 292 
8 9 395 130 524 209 229 427 210 291 
8 9 395 130 524 210 227 426 210 292 
8 9 395 130 524 211 226 426 210 292 
8 9 395 130 524 212 224 425 210 293 
8 9 395 130 524 213 225 423 206 296 
8 9 395 130 524 214 226 421 202 298 
8 9 395 130 524 215 227 419 198 300 
8 9 395 130 524 216 228 418 196 300 
8 9 395 130 524 217 229 416 192 302 
8 9 395 130 524 218 230 414 188 305 
8 9 395 130 524 219 231 412 184 307 
8 9 395 130 524 220 231 411 182 307 
8 9 395 130 524 221 232 411 178 307 
8 9 395 130 524 222 231 409 174 309 
8 9 395 130 524 223 229 407 174 311 
8 9 395 130 524 224 228 405 174 313 
8 9 395 130 524 225 226 406 174 312 
8 9 395 130 524 226 224 404 174 312 
8 9 395 130 524 227 222 403 174 312 
8 9 395 130 524 228 220 403 176 309 
8 9 395 130 524 229 219 401 174 309 
8 9 395 130 524 230 217 399 174 309 
8 9 395 130 524 231 215 399 174 307 
8 9 395 130 524 232 214 397 172 307 
8 9 395 130 524 233 213 398 170 304 
8 9 395 130 524 234 211 397 170 303 
8 9 395 130 524 235 209 398 170 300 
8 9 395 130 524 236 207 395 172 301 
8 9 395 130 524 237 205 396 172 298 
8 9 395 130 524 238 204 394 170 298 
8 9 395 130 524 239 202 394 170 295 
8 9 395 130 524 240 200 392 170 297 
8 9 395 130 524 241 198 392 172 297 
8 9 395 130 524 242 197 390 170 297 
8 9 395 130 524 243 195 389 170 295 
8 9 395 130 524 244 196 387 166 295 
8 9 395 130 524 245 193 385 170 295 
8 9 395 130 524 246 194 386 168 294 
8 9 395 130 524 247 192 384 168 294 
8 9 395 130 524 248 189 383 172 292 
8 9 395 130 524 249 190 381 168 292 
8 9 395 130 524 250 189 379 166 294 
8 9 395 130 524 251 189 379 166 291 
8 9 395 130 524 252 187 377 166 291 
8 9 395 130 524 253 188 378 164 288 
8 9 395 130 524 254 185 376 168 288 
8 9 395 130 524 255 186 376 164 288 
8 9 395 130 524 256 183 375 168 288 
8 9 395 130 524 257 184 375 164 285 
8 9 395 130 524 258 182 373 166 285 
8 9 395 130 524 259 183 373 162 285 
8 9 395 130 524 260 180 371 166 285 
8 9 395 130 524 261 181 371 164 283 
8 9 395 130 524 262 179 372 164 280 
8 9 395 130 524 263 179 369 164 283 
8 9 395 130 524 264 177 370 164 280 
8 9 395 130 524 265 177 369 164 279 
8 9 395 130 524 266 175 370 164 276 
8 9 395 130 524 267 175 367 164 279 
8 9 395 130 524 268 174 367 162 277 
8 9 395 130 524 269 174 365 162 277 
8 9 395 130 524 270 172 366 164 274 
8 9 395 130 524 271 172 366 164 274 
8 9 395 130 524 272 170 364 164 274 
8 9 395 130 524 273 168 364 164 273 
8 9 395 130 524 274 167 362 162 273 
8 9 395 130 524 275 168 363 160 270 
8 9 395 130 524 276 165 361 164 271 
8 9 395 130 524 277 163 362 164 268 
8 9 395 130 524 278 164 360 160 268 
8 9 395 130 524 279 162 360 160 267 
8 9 395 130 524 280 160 358 160 267 
8 9 395 130 524 281 160 358 160 267 
8 9 395 130 524 282 159 356 160 267 
8 9 395 130 524 283 159 357 160 264 
8 9 395 130 524 284 160 356 156 264 
8 9 395 130 524 285 157 356 160 264 
8 9 395 130 524 286 158 354 156 264 
8 9 395 130 524 287 158 354 156 261 
8 9 395 130 524 288 155 355 160 258 
8 9 395 130 524 289 156 352 156 261 
8 9 395 130 524 290 156 353 156 258 
8 9 395 130 524 291 153 350 158 259 
8 9 395 130 524 292 153 351 158 256 
8 9 395 130 524 293 154 348 154 259 
8 9 395 130 524 294 153 349 156 256 
8 9 395 130 524 295 153 349 156 253 
8 9 395 130 524 296 154 348 152 253 
8 9 395 130 524 297 151 348 156 253 
8 9 395 130 524 298 152 346 152 253 
8 9 395 130 524 299 152 347 152 250 
8 9 395 130 524 300 152 347 152 250 
8 9 395 130 524 301 150 350 152 244 
8 9 395 130 524 302 150 351 150 243 
8 9 395 130 524 303 151 354 146 240 
8 9 395 130 524 304 152 356 142 237 
8 9 395 130 524 305 153 361 138 231 
8 9 395 130 524 306 154 363 136 226 
8 9 395 130 524 307 155 365 132 223 
8 9 395 130 524 308 156 368 128 220 
8 9 395 130 524 309 157 370 124 217 
8 9 395 130 524 310 158 374 120 213 
8 9 395 130 524 311 155 372 122 214 
8 9 395 130 524 312 156 371 118 213 
8 9 395 130 524 313 156 369 118 213 
8 9 395 130 524 314 157 370 114 210 
8 9 395 130 524 315 154 367 118 211 
8 9 395 130 524 316 155 365 114 211 
8 9 395 130 524 317 155 366 114 208 
8 9 395 130 524 318 156 365 112 207 
8 9 395 130 524 319 155 363 110 207 
8 9 395 130 524 320 155 363 110 205 
8 9 395 130 524 321 156 361 106 205 
8 9 395 130 524 322 156 359 106 205 
8 9 395 130 524 323 154 360 106 202 
8 9 395 130 524 324 154 358 106 204 
8 9 395 130 524 325 155 357 102 202 
8 9 395 130 524 326 155 357 102 199 
8 9 395 130 524 327 153 355 104 199 
8 9 395 130 524 328 153 355 104 199 
8 9 395 130 524 329 154 353 100 199 
8 9 395 130 524 330 154 353 100 199 
8 9 395 130 524 331 155 351 96 201 
8 9 395 130 524 332 155 351 96 201 
8 9 395 130 524 333 156 350 92 199 
8 9 395 130 524 334 156 350 92 199 
8 9 395 130 524 335 156 350 92 199 
8 9 395 130 524 336 153 348 94 199 
8 9 395 130 524 337 153 349 94 196 
8 9 395 130 524 338 153 349 94 196 
8 9 395 130 524 339 153 347 94 198 
8 9 395 130 524 340 153 347 94 198 
8 9 395 130 524 341 153 347 92 195 
8 9 395 130 524 342 153 345 92 198 
8 9 395 130 524 343 153 345 92 195 
8 9 395 130 524 344 153 346 92 192 
8 9 395 130 524 345 153 343 92 195 
8 9 395 130 524 346 151 344 92 192 
8 9 395 130 524 347 151 344 92 192 
8 9 395 130 524 348 151 343 92 192 
8 9 395 130 524 349 151 343 92 192 
8 9 395 130 524 350 151 343 92 189 
8 9 395 130 524 351 151 343 92 189 
8 9 395 130 524 352 149 341 92 189 
8 9 395 130 524 353 147 342 92 186 
8 9 395 130 524 354 147 339 92 189 
8 9 395 130 524 355 144 339 94 187 
8 9 395 130 524 356 144 337 92 187 
8 9 395 130 524 357 144 337 92 187 
8 9 395 130 524 358 142 337 92 186 
8 9 395 130 524 359 140 337 92 183 
8 9 395 130 524 360 140 337 92 183 
8 9 395 130 524 361 137 335 94 183 
8 9 395 130 524 362 137 335 94 183 
8 9 395 130 524 363 137 335 92 181 
8 9 395 130 524 364 137 335 92 181 
8 9 395 130 524 365 137 336 92 178 
8 9 395 130 524 366 135 333 92 181 
8 9 395 130 524 367 135 334 92 178 
8 9 395 130 524 368 135 334 92 178 
8 9 395 130 524 369 133 334 92 175 
8 9 395 130 524 370 133 334 92 175 
8 9 395 130 524 371 133 334 92 175 
8 9 395 130 524 372 131 332 92 177 
8 9 395 130 524 373 128 332 94 177 
8 9 395 130 524 374 129 332 90 177 
8 9 395 130 524 375 128 330 92 177 
8 9 395 130 524 376 129 330 88 177 
8 9 395 130 524 377 127 330 88 177 
8 9 395 130 524 378 124 329 92 175 
8 9 395 130 524 379 124 329 90 175 
8 9 395 130 524 380 122 329 90 175 
8 9 395 130 524 381 122 327 90 175 
8 9 395 130 524 382 122 327 88 175 
8 9 395 130 524 383 123 327 84 175 
8 9 395 130 524 384 120 325 88 175 
8 9 395 130 524 385 118 325 88 175 
8 9 395 130 524 386 118 325 86 175 
8 9 395 130 524 387 115 323 90 177 
8 9 395 130 524 388 116 323 86 177 
8 9 395 130 524 389 114 323 86 177 
8 9 395 130 524 390 114 323 86 177 
8 9 395 130 524 391 114 322 84 175 
8 9 395 130 524 392 111 322 86 175 
8 9 395 130 524 393 109 323 86 172 
8 9 395 130 524 394 109 323 86 172 
8 9 395 130 524 395 107 321 86 172 
8 9 395 130 524 396 107 321 84 172 
8 9 395 130 524 397 107 321 84 171 
8 9 395 130 524 398 105 321 84 171 
8 9 395 130 524 399 102 319 86 171 
8 9 395 130 524 400 100 319 86 171 
8 9 395 130 524 401 100 320 86 168 
8 9 395 130 524 402 98 320 86 168 
8 9 395 130 524 403 98 318 84 168 
8 9 395 130 524 404 98 318 84 168 
8 9 395 130 524 405 95 318 86 165 
8 9 395 130 524 406 93 318 86 165 
8 9 395 130 524 407 93 318 86 165 
8 9 395 130 524 408 91 316 86 166 
8 9 395 130 524 409 91 316 84 166 
8 9 395 130 524 410 89 316 84 166 
8 9 395 130 524 411 86 315 86 165 
8 9 395 130 524 412 86 315 86 165 
8 9 395 130 524 413 84 315 86 165 
8 9 395 130 524 414 82 313 86 165 
8 9 395 130 524 415 82 313 84 165 
8 9 395 130 524 416 82 313 84 165 
8 9 395 130 524 417 79 313 86 165 
8 9 395 130 524 418 77 311 86 165 
8 9 395 130 524 419 75 311 86 165 
8 9 395 130 524 420 75 311 86 165 
8 9 395 130 524 421 75 309 84 166 
8 9 395 130 524 422 73 309 84 166 
8 9 395 130 524 423 70 309 86 166 
8 9 395 130 524 424 70 309 86 166 
8 9 395 130 524 425 68 308 86 165 
8 9 395 130 524 426 66 308 86 165 
8 9 395 130 524 427 66 309 84 162 
8 9 395 130 524 428 63 306 86 165 
8 9 395 130 524 429 61 307 86 162 
8 9 395 130 524 430 59 307 86 162 
8 9 395 130 524 431 59 307 84 159 
8 9 395 130 524 432 57 305 84 162 
8 9 395 130 524 433 54 305 86 160 
8 9 395 130 524 434 52 305 86 160 
8 9 395 130 524 435 50 305 86 157 
8 9 395 130 524 436 50 303 84 160 
8 9 395 130 524 437 47 303 86 157 
8 9 395 130 524 438 45 303 86 157 
8 9 395 130 524 439 45 303 86 157 
8 9 395 130 524 440 43 301 86 157 
8 9 395 130 524 441 43 301 84 157 
8 9 395 130 524 442 41 301 84 157 
8 9 395 130 524 443 38 301 86 157 
8 9 395 130 524 444 36 301 86 157 
8 9 395 130 524 445 34 301 86 157 
8 9 395 130 524 446 34 301 84 157 
8 9 395 130 524 447 31 300 86 159 
8 9 395 130 524 448 29 300 86 159 
8 9 395 130 524 449 27 300 86 159 
8 9 395 130 524 450 27 300 84 159 
8 9 395 130 524 451 25 300 84 159 
8 9 395 130 524 452 22 300 86 159 
8 9 395 130 524 453 22 300 86 159 
8 9 395 130 524 454 20 298 86 160 
8 9 395 130 524 455 18 298 86 160 
8 9 395 130 524 456 18 298 86 160 
8 9 395 130 524 457 18 298 84 160 
8 9 395 130 524 458 18 296 84 160 
8 9 395 130 524 459 15 296 86 160 
8 9 395 130 524 460 13 296 86 160 
8 9 395 130 524 461 13 296 86 160 
8 9 395 130 524 462 11 294 86 160 
8 9 395 130 524 463 11 294 86 160 
8 9 395 130 524 464 11 294 84 160 
8 9 395 130 524 465 9 294 84 160 
8 9 395 130 524 466 9 294 84 160 
8 9 395 130 524 467 6 293 86 159 
8 9 395 130 524 468 6 293 86 159 
8 9 395 130 524 469 4 293 86 159 
8 9 395 130 524 470 2 293 86 159 
8 9 395 130 524 471 2 291 86 159 
8 9 395 130 524 472 2 291 84 159 
8 9 395 130 524 473 2 291 84 159 
8 9 395 130 524 474 0 291 85 159 
8 9 395 130 524 475 0 291 85 159 
8 9 395 130 524 476 0 289 83 160 
8 9 395 130 524 477 0 289 81 160 
8 9 395 130 524 478 0 287 81 160 
8 9 395 130 524 479 0 287 79 160 
8 9 395 130 524 480 0 285 79 160 
8 9 395 130 524 481 0 285 77 160 
8 9 395 130 524 482 0 285 77 160 
8 9 395 130 524 483 0 284 76 159 
8 9 395 130 524 484 0 284 74 159 
8 9 395 130 524 485 0 282 74 160 
8 9 395 130 524 486 0 282 72 160 
8 9 395 130 524 487 0 280 72 160 
8 9 395 130 524 488 0 280 70 160 
8 9 395 130 524 489 0 280 70 160 
8 9 395 130 524 490 0 278 69 160 
8 9 395 130 524 491 0 278 67 160 
8 9 395 130 524 492 0 277 67 159 
8 9 395 130 524 493 0 277 65 159 
8 9 395 130 524 494 0 275 65 159 
8 9 395 130 524 495 0 275 63 159 
8 9 395 130 524 496 0 275 63 159 
8 9 395 130 524 497 0 275 63 159 
8 9 395 130 524 498 0 275 63 159 
8 9 395 130 524 499 0 275 63 159 
8 9 395 130 524 500 0 275 63 159 
8 9 395 130 524 501 0 275 63 159 
8 9 395 130 524 502 0 275 63 159 
8 9 395 130 524 503 0 275 63 159 
8 9 395 130 524 504 0 275 63 159 
8 9 395 130 524 505 0 275 63 159 
8 9 395 130 524 506 0 275 63 159 
8 9 395 130 524 507 0 275 63 159 
8 9 395 130 524 508 0 275 63 159 
8 9 395 130 524 509 0 275 63 159 
8 9 395 130 524 510 0 275 63 159 
8 9 395 130 524 511 0 275 63 159 
8 9 395 130 524 512 0 275 63 159 
8 9 395 130 524 513 0 275 63 159 
8 9 395 130 524 514 0 275 63 159 
8 9 395 130 524 515 0 275 63 159 
8 9 395 130 524 516 0 275 63 159 
8 9 395 130 524 517 0 275 63 159 
8 9 395 130 524 518 0 275 63 159 
8 9 395 130 524 519 0 275 63 159 
8 9 395 130 524 520 0 275 63 159 
8 9 395 130 524 521 0 275 63 159 
8 9 395 130 524 522 0 275 63 159 
8 9 395 130 524 523 0 275 63 159 
8 9 395 130 524 524 0 275 63 159 
9 12 49 606 654 606 697 308 102 134 
9 12 49 606 654 607 697 308 102 134 
9 12 49 606 654 608 697 308 102 134 
9 12 49 606 654 609 697 308 102 134 
9 12 49 606 654 610 697 308 102 134 
9 12 49 606 654 611 697 308 102 134 
9 12 49 606 654 612 697 308 102 134 
9 12 49 606 654 613 697 308 102 134 
9 12 49 606 654 614 697 308 102 134 
9 12 49 606 654 615 697 308 102 134 
9 12 49 606 654 616 697 308 102 134 
9 12 49 606 654 617 697 308 102 134 
9 12 49 606 654 618 697 308 102 134 
9 12 49 606 654 619 697 308 102 134 
9 12 49 606 654 620 697 308 102 134 
9 12 49 606 654 621 697 308 102 134 
9 12 49 606 654 622 697 308 102 134 
9 12 49 606 654 623 697 308 102 134 
9 12 49 606 654 624 697 308 102 134 
9 12 49 606 654 625 697 308 102 134 
9 12 49 606 654 626 697 308 102 134 
9 12 49 606 654 627 697 308 102 134 
9 12 49 606 654 628 697 308 102 134 
9 12 49 606 654 629 697 308 102 134 
9 12 49 606 654 630 697 308 102 134 
9 12 49 606 654 631 697 308 102 134 
9 12 49 606 654 632 697 308 102 134 
9 12 49 606 654 633 697 308 102 134 
9 12 49 606 654 634 697 308 102 134 
9 12 49 606 654 635 697 308 102 134 
9 12 49 606 654 636 697 308 102 134 
9 12 49 606 654 637 697 308 102 134 
9 12 49 606 654 638 697 308 102 134 
9 12 49 606 654 639 697 308 102 134 
9 12 49 606 654 640 697 308 102 134 
9 12 49 606 654 641 697 308 102 134 
9 12 49 606 654 642 697 308 102 134 
9 12 49 606 654 643 697 308 102 134 
9 12 49 606 654 644 697 308 102 134 
9 12 49 606 654 645 697 308 102 134 
9 12 49 606 654 646 697 308 102 134 
9 12 49 606 654 647 697 308 102 134 
9 12 49 606 654 648 697 308 102 134 
9 12 49 606 654 649 697 308 102 134 
9 12 49 606 654 650 697 308 102 134 
9 12 49 606 654 651 697 308 102 134 
9 12 49 606 654 652 697 308 102 134 
9 12 49 606 654 653 697 308 102 134 
9 12 49 606 654 654 697 308 102 134 
10 9 497 117 613 117 1178 259 100 177 
10 9 497 117 613 118 1176 259 100 177 
10 9 497 117 613 119 1173 259 100 177 
10 9 497 117 613 120 1171 259 100 177 
10 9 497 117 613 121 1169 262 100 174 
10 9 497 117 613 122 1166 262 98 174 
10 9 497 117 613 123 1164 264 100 172 
10 9 497 117 613 124 1162 264 100 172 
10 9 497 117 613 125 1160 266 100 172 
10 9 497 117 613 126 1159 267 98 174 
10 9 497 117 613 127 1154 267 104 174 
10 9 497 117 613 128 1152 269 104 174 
10 9 497 117 613 129 1150 269 104 174 
10 9 497 117 613 130 1149 271 102 174 
10 9 497 117 613 131 1147 273 102 172 
10 9 497 117 613 132 1143 273 104 172 
10 9 497 117 613 133 1140 273 102 172 
10 9 497 117 613 134 1138 273 104 172 
10 9 497 117 613 135 1134 273 104 172 
10 9 497 117 613 136 1133 275 102 169 
10 9 497 117 613 137 1129 275 104 169 
10 9 497 117 613 138 1126 275 102 169 
10 9 497 117 613 139 1124 275 102 169 
10 9 497 117 613 140 1120 275 104 169 
10 9 497 117 613 141 1118 276 104 171 
10 9 497 117 613 142 1117 276 102 171 
10 9 497 117 613 143 1115 276 102 171 
10 9 497 117 613 144 1112 276 106 171 
10 9 497 117 613 145 1113 276 104 171 
10 9 497 117 613 146 1110 276 108 174 
10 9 497 117 613 147 1109 276 106 174 
10 9 497 117 613 148 1110 276 102 174 
10 9 497 117 613 149 1107 276 106 174 
10 9 497 117 613 150 1105 276 106 174 
10 9 497 117 613 151 1105 278 106 174 
10 9 497 117 613 152 1103 276 108 174 
10 9 497 117 613 153 1101 276 108 174 
10 9 497 117 613 154 1100 276 106 174 
10 9 497 117 613 155 1098 276 106 174 
10 9 497 117 613 156 1096 276 106 174 
10 9 497 117 613 157 1094 276 108 174 
10 9 497 117 613 158 1093 276 106 174 
10 9 497 117 613 159 1091 276 106 174 
10 9 497 117 613 160 1089 276 106 174 
10 9 497 117 613 161 1090 276 104 174 
10 9 497 117 613 162 1088 276 104 174 
10 9 497 117 613 163 1086 278 104 174 
10 9 497 117 613 164 1085 278 102 174 
10 9 497 117 613 165 1083 280 102 172 
10 9 497 117 613 166 1080 282 106 172 
10 9 497 117 613 167 1078 282 108 172 
10 9 497 117 613 168 1077 283 106 174 
10 9 497 117 613 169 1075 283 106 174 
10 9 497 117 613 170 1073 285 106 174 
10 9 497 117 613 171 1070 287 110 174 
10 9 497 117 613 172 1067 287 110 174 
10 9 497 117 613 173 1065 289 110 171 
10 9 497 117 613 174 1063 292 110 168 
10 9 497 117 613 175 1061 293 110 166 
10 9 497 117 613 176 1060 295 110 163 
10 9 497 117 613 177 1056 298 110 160 
10 9 497 117 613 178 1054 300 110 157 
10 9 497 117 613 179 1052 302 112 156 
10 9 497 117 613 180 1051 304 110 153 
10 9 497 117 613 181 1049 307 110 150 
10 9 497 117 613 182 1045 307 110 150 
10 9 497 117 613 183 1044 309 110 148 
10 9 497 117 613 184 1040 311 110 148 
10 9 497 117 613 185 1038 312 110 150 
10 9 497 117 613 186 1036 314 112 150 
10 9 497 117 613 187 1033 313 110 151 
10 9 497 117 613 188 1031 315 110 151 
10 9 497 117 613 189 1028 317 110 151 
10 9 497 117 613 190 1026 318 110 153 
10 9 497 117 613 191 1024 320 110 153 
10 9 497 117 613 192 1020 319 112 157 
10 9 497 117 613 193 1019 318 110 163 
10 9 497 117 613 194 1014 320 114 165 
10 9 497 117 613 195 1013 319 110 174 
10 9 497 117 613 196 1012 320 110 175 
10 9 497 117 613 197 1007 319 114 181 
10 9 497 117 613 198 1006 318 110 189 
10 9 497 117 613 199 1002 320 114 192 
10 9 497 117 613 200 1000 319 114 196 
10 9 497 117 613 201 998 319 114 202 
10 9 497 117 613 202 996 319 112 202 
10 9 497 117 613 203 991 319 114 202 
10 9 497 117 613 204 987 321 114 202 
10 9 497 117 613 205 984 321 114 202 
10 9 497 117 613 206 979 323 118 202 
10 9 497 117 613 207 977 323 116 202 
10 9 497 117 613 208 972 323 118 202 
10 9 497 117 613 209 970 325 116 202 
10 9 497 117 613 210 965 325 118 202 
10 9 497 117 613 211 963 326 118 204 
10 9 497 117 613 212 961 326 116 201 
10 9 497 117 613 213 956 326 118 201 
10 9 497 117 613 214 954 326 116 201 
10 9 497 117 613 215 949 326 118 201 
10 9 497 117 613 216 947 326 118 201 
10 9 497 117 613 217 945 326 116 201 
10 9 497 117 613 218 940 326 118 201 
10 9 497 117 613 219 938 326 116 201 
10 9 497 117 613 220 932 326 122 201 
10 9 497 117 613 221 931 326 118 201 
10 9 497 117 613 222 929 327 116 198 
10 9 497 117 613 223 924 327 118 198 
10 9 497 117 613 224 921 327 120 198 
10 9 497 117 613 225 916 327 122 198 
10 9 497 117 613 226 915 329 118 195 
10 9 497 117 613 227 913 329 116 195 
10 9 497 117 613 228 908 329 118 195 
10 9 497 117 613 229 905 329 120 195 
10 9 497 117 613 230 900 329 122 195 
10 9 497 117 613 231 899 329 118 195 
10 9 497 117 613 232 897 330 116 192 
10 9 497 117 613 233 891 330 122 192 
10 9 497 117 613 234 889 330 120 192 
10 9 497 117 613 235 884 330 122 192 
10 9 497 117 613 236 883 330 118 192 
10 9 497 117 613 237 880 330 120 192 
10 9 497 117 613 238 875 330 122 192 
10 9 497 117 613 239 873 330 120 192 
10 9 497 117 613 240 868 330 122 192 
10 9 497 117 613 241 866 332 122 189 
10 9 497 117 613 242 861 330 124 189 
10 9 497 117 613 243 856 330 126 189 
10 9 497 117 613 244 854 330 124 189 
10 9 497 117 613 245 848 330 128 189 
10 9 497 117 613 246 844 330 128 189 
10 9 497 117 613 247 840 330 128 189 
10 9 497 117 613 248 834 330 132 189 
10 9 497 117 613 249 831 330 130 189 
10 9 497 117 613 250 827 330 132 189 
10 9 497 117 613 251 822 330 136 189 
10 9 497 117 613 252 819 328 134 190 
10 9 497 117 613 253 815 328 136 190 
10 9 497 117 613 254 812 328 134 190 
10 9 497 117 613 255 808 328 136 190 
10 9 497 117 613 256 805 328 134 190 
10 9 497 117 613 257 801 328 136 190 
10 9 497 117 613 258 798 328 134 190 
10 9 497 117 613 259 794 328 136 190 
10 9 497 117 613 260 790 328 136 190 
10 9 497 117 613 261 787 327 134 189 
10 9 497 117 613 262 783 327 136 189 
10 9 497 117 613 263 780 327 134 189 
10 9 497 117 613 264 776 327 136 189 
10 9 497 117 613 265 773 327 134 189 
10 9 497 117 613 266 769 327 136 189 
10 9 497 117 613 267 766 327 134 189 
10 9 497 117 613 268 762 327 136 189 
10 9 497 117 613 269 758 327 136 189 
10 9 497 117 613 270 755 327 134 189 
10 9 497 117 613 271 751 325 136 189 
10 9 497 117 613 272 748 325 134 189 
10 9 497 117 613 273 744 325 136 189 
10 9 497 117 613 274 741 325 134 189 
10 9 497 117 613 275 737 325 136 189 
10 9 497 117 613 276 735 325 136 189 
10 9 497 117 613 277 732 325 134 189 
10 9 497 117 613 278 728 325 136 189 
10 9 497 117 613 279 725 325 134 189 
10 9 497 117 613 280 721 325 136 189 
10 9 497 117 613 281 718 323 134 189 
10 9 497 117 613 282 714 323 136 189 
10 9 497 117 613 283 710 323 136 189 
10 9 497 117 613 284 707 323 134 189 
10 9 497 117 613 285 703 323 136 189 
10 9 497 117 613 286 700 323 134 189 
10 9 497 117 613 287 696 323 136 189 
10 9 497 117 613 288 693 323 134 189 
10 9 497 117 613 289 689 323 136 189 
10 9 497 117 613 290 686 323 134 189 
10 9 497 117 613 291 682 321 136 190 
10 9 497 117 613 292 678 321 136 190 
10 9 497 117 613 293 675 321 134 190 
10 9 497 117 613 294 671 321 136 190 
10 9 497 117 613 295 668 321 134 190 
10 9 497 117 613 296 664 321 136 190 
10 9 497 117 613 297 661 321 134 190 
10 9 497 117 613 298 657 321 136 190 
10 9 497 117 613 299 654 321 134 190 
10 9 497 117 613 300 652 321 134 190 
10 9 497 117 613 301 648 321 136 190 
10 9 497 117 613 302 645 321 134 190 
10 9 497 117 613 303 641 321 136 190 
10 9 497 117 613 304 640 321 132 190 
10 9 497 117 613 305 636 321 134 190 
10 9 497 117 613 306 632 321 136 190 
10 9 497 117 613 307 631 321 132 190 
10 9 497 117 613 308 628 321 132 190 
10 9 497 117 613 309 624 321 132 190 
10 9 497 117 613 310 623 323 130 189 
10 9 497 117 613 311 620 321 128 190 
10 9 497 117 613 312 616 321 128 190 
10 9 497 117 613 313 614 321 124 190 
10 9 497 117 613 314 609 321 126 190 
10 9 497 117 613 315 607 321 124 190 
10 9 497 117 613 316 603 321 122 190 
10 9 497 117 613 317 601 321 120 190 
10 9 497 117 613 318 596 321 122 190 
10 9 497 117 613 319 595 320 116 189 
10 9 497 117 613 320 590 320 118 189 
10 9 497 117 613 321 587 320 114 189 
10 9 497 117 613 322 584 320 114 189 
10 9 497 117 613 323 580 320 114 189 
10 9 497 117 613 324 578 320 110 189 
10 9 497 117 613 325 574 320 110 189 
10 9 497 117 613 326 573 320 108 189 
10 9 497 117 613 327 570 318 106 189 
10 9 497 117 613 328 566 318 108 189 
10 9 497 117 613 329 562 318 110 189 
10 9 497 117 613 330 558 318 110 189 
10 9 497 117 613 331 557 318 108 189 
10 9 497 117 613 332 553 318 110 189 
10 9 497 117 613 333 549 318 110 189 
10 9 497 117 613 334 546 318 110 189 
10 9 497 117 613 335 544 318 110 189 
10 9 497 117 613 336 538 316 114 189 
10 9 497 117 613 337 531 316 118 189 
10 9 497 117 613 338 529 314 116 189 
10 9 497 117 613 339 521 314 122 189 
10 9 497 117 613 340 518 314 124 189 
10 9 497 117 613 341 513 312 126 190 
10 9 497 117 613 342 511 312 124 190 
10 9 497 117 613 343 507 312 124 190 
10 9 497 117 613 344 503 311 128 189 
10 9 497 117 613 345 499 311 128 189 
10 9 497 117 613 346 496 311 128 189 
10 9 497 117 613 347 494 311 128 189 
10 9 497 117 613 348 496 311 120 189 
10 9 497 117 613 349 497 311 116 189 
10 9 497 117 613 350 497 311 114 189 
10 9 497 117 613 351 498 311 110 189 
10 9 497 117 613 352 491 311 114 189 
10 9 497 117 613 353 488 311 114 189 
10 9 497 117 613 354 484 311 114 189 
10 9 497 117 613 355 481 311 114 189 
10 9 497 117 613 356 474 312 118 190 
10 9 497 117 613 357 471 312 118 190 
10 9 497 117 613 358 467 312 118 190 
10 9 497 117 613 359 465 312 116 190 
10 9 497 117 613 360 459 314 122 189 
10 9 497 117 613 361 457 312 120 190 
10 9 497 117 613 362 452 312 122 190 
10 9 497 117 613 363 450 311 122 189 
10 9 497 117 613 364 448 311 120 189 
10 9 497 117 613 365 446 311 120 189 
10 9 497 117 613 366 441 309 122 189 
10 9 497 117 613 367 441 309 120 189 
10 9 497 117 613 368 436 309 122 189 
10 9 497 117 613 369 434 307 122 189 
10 9 497 117 613 370 432 307 120 189 
10 9 497 117 613 371 430 307 120 189 
10 9 497 117 613 372 426 307 118 187 
10 9 497 117 613 373 423 307 118 187 
10 9 497 117 613 374 422 307 114 187 
10 9 497 117 613 375 420 307 112 187 
10 9 497 117 613 376 418 308 110 184 
10 9 497 117 613 377 414 308 110 184 
10 9 497 117 613 378 414 308 104 184 
10 9 497 117 613 379 411 308 102 184 
10 9 497 117 613 380 410 308 100 184 
10 9 497 117 613 381 407 308 98 181 
10 9 497 117 613 382 406 308 96 181 
10 9 497 117 613 383 402 308 96 181 
10 9 497 117 613 384 401 308 90 181 
10 9 497 117 613 385 399 308 88 181 
10 9 497 117 613 386 397 309 86 178 
10 9 497 117 613 387 395 309 84 178 
10 9 497 117 613 388 393 309 82 178 
10 9 497 117 613 389 389 309 82 178 
10 9 497 117 613 390 388 309 80 178 
10 9 497 117 613 391 385 307 78 178 
10 9 497 117 613 392 380 307 82 178 
10 9 497 117 613 393 380 307 80 178 
10 9 497 117 613 394 374 307 86 178 
10 9 497 117 613 395 370 307 86 178 
10 9 497 117 613 396 370 306 84 178 
10 9 497 117 613 397 364 306 90 178 
10 9 497 117 613 398 361 306 92 178 
10 9 497 117 613 399 360 306 88 178 
10 9 497 117 613 400 355 306 92 178 
10 9 497 117 613 401 351 306 96 178 
10 9 497 117 613 402 349 304 96 178 
10 9 497 117 613 403 345 304 96 178 
10 9 497 117 613 404 341 304 100 178 
10 9 497 117 613 405 339 304 100 178 
10 9 497 117 613 406 334 304 104 178 
10 9 497 117 613 407 333 304 102 178 
10 9 497 117 613 408 329 302 104 178 
10 9 497 117 613 409 327 302 104 178 
10 9 497 117 613 410 324 302 102 178 
10 9 497 117 613 411 322 302 104 178 
10 9 497 117 613 412 320 302 104 178 
10 9 497 117 613 413 317 302 102 178 
10 9 497 117 613 414 315 302 102 178 
10 9 497 117 613 415 313 302 104 178 
10 9 497 117 613 416 310 300 102 178 
10 9 497 117 613 417 308 300 102 178 
10 9 497 117 613 418 306 300 104 178 
10 9 497 117 613 419 302 300 104 178 
10 9 497 117 613 420 301 300 102 178 
10 9 497 117 613 421 299 300 102 178 
10 9 497 117 613 422 295 300 104 178 
10 9 497 117 613 423 294 300 102 178 
10 9 497 117 613 424 292 300 102 178 
10 9 497 117 613 425 288 300 104 177 
10 9 497 117 613 426 285 300 102 177 
10 9 497 117 613 427 283 300 102 177 
10 9 497 117 613 428 279 300 104 177 
10 9 497 117 613 429 276 300 102 177 
10 9 497 117 613 430 274 301 104 174 
10 9 497 117 613 431 270 301 104 174 
10 9 497 117 613 432 267 301 102 174 
10 9 497 117 613 433 265 301 104 174 
10 9 497 117 613 434 262 301 102 174 
10 9 497 117 613 435 258 301 104 171 
10 9 497 117 613 436 256 301 104 171 
10 9 497 117 613 437 253 301 102 171 
10 9 497 117 613 438 249 301 104 171 
10 9 497 117 613 439 247 301 104 171 
10 9 497 117 613 440 244 299 102 171 
10 9 497 117 613 441 242 299 104 171 
10 9 497 117 613 442 238 299 104 171 
10 9 497 117 613 443 237 298 102 169 
10 9 497 117 613 444 233 298 104 169 
10 9 497 117 613 445 231 298 104 169 
10 9 497 117 613 446 230 298 102 169 
10 9 497 117 613 447 226 296 104 171 
10 9 497 117 613 448 224 296 104 171 
10 9 497 117 613 449 221 296 102 171 
10 9 497 117 613 450 219 294 102 171 
10 9 497 117 613 451 215 294 104 171 
10 9 497 117 613 452 214 294 102 171 
10 9 497 117 613 453 212 294 102 171 
10 9 497 117 613 454 208 292 104 171 
10 9 497 117 613 455 206 292 104 171 
10 9 497 117 613 456 205 292 102 171 
10 9 497 117 613 457 203 292 102 171 
10 9 497 117 613 458 202 292 100 171 
10 9 497 117 613 459 200 292 100 171 
10 9 497 117 613 460 199 292 98 171 
10 9 497 117 613 461 194 292 104 171 
10 9 497 117 613 462 193 292 100 171 
10 9 497 117 613 463 191 292 100 171 
10 9 497 117 613 464 190 292 98 171 
10 9 497 117 613 465 188 291 100 169 
10 9 497 117 613 466 186 291 100 169 
10 9 497 117 613 467 185 291 96 169 
10 9 497 117 613 468 181 291 100 169 
10 9 497 117 613 469 179 291 100 169 
10 9 497 117 613 470 177 291 100 169 
10 9 497 117 613 471 176 291 96 169 
10 9 497 117 613 472 175 291 96 169 
10 9 497 117 613 473 173 291 96 169 
10 9 497 117 613 474 171 291 96 169 
10 9 497 117 613 475 169 291 96 169 
10 9 497 117 613 476 166 289 96 171 
10 9 497 117 613 477 164 289 96 171 
10 9 497 117 613 478 162 289 96 171 
10 9 497 117 613 479 160 289 96 171 
10 9 497 117 613 480 159 289 96 171 
10 9 497 117 613 481 157 287 96 171 
10 9 497 117 613 482 155 287 96 171 
10 9 497 117 613 483 153 287 96 171 
10 9 497 117 613 484 152 287 96 171 
10 9 497 117 613 485 150 287 96 171 
10 9 497 117 613 486 148 285 96 171 
10 9 497 117 613 487 146 285 96 171 
10 9 497 117 613 488 144 285 96 171 
10 9 497 117 613 489 143 285 96 171 
10 9 497 117 613 490 141 285 96 171 
10 9 497 117 613 491 139 283 96 171 
10 9 497 117 613 492 137 283 96 171 
10 9 497 117 613 493 136 283 96 171 
10 9 497 117 613 494 134 283 96 171 
10 9 497 117 613 495 132 283 96 171 
10 9 497 117 613 496 130 283 96 171 
10 9 497 117 613 497 128 282 96 169 
10 9 497 117 613 498 127 282 96 169 
10 9 497 117 613 499 125 282 96 169 
10 9 497 117 613 500 123 280 96 171 
10 9 497 117 613 501 121 280 96 171 
10 9 497 117 613 502 120 280 96 171 
10 9 497 117 613 503 118 278 96 171 
10 9 497 117 613 504 116 278 96 171 
10 9 497 117 613 505 114 278 96 171 
10 9 497 117 613 506 112 276 96 171 
10 9 497 117 613 507 112 276 96 171 
10 9 497 117 613 508 111 276 96 171 
10 9 497 117 613 509 109 275 96 169 
10 9 497 117 613 510 107 275 96 169 
10 9 497 117 613 511 105 275 96 169 
10 9 497 117 613 512 104 273 96 171 
10 9 497 117 613 513 102 273 96 171 
10 9 497 117 613 514 100 273 96 171 
10 9 497 117 613 515 98 271 96 171 
10 9 497 117 613 516 96 271 96 171 
10 9 497 117 613 517 96 271 96 171 
10 9 497 117 613 518 95 271 96 171 
10 9 497 117 613 519 93 271 96 171 
10 9 497 117 613 520 91 271 96 171 
10 9 497 117 613 521 89 271 96 171 
10 9 497 117 613 522 88 271 96 171 
10 9 497 117 613 523 88 271 96 171 
10 9 497 117 613 524 86 271 96 171 
10 9 497 117 613 525 84 271 96 171 
10 9 497 117 613 526 82 271 96 171 
10 9 497 117 613 527 80 271 96 171 
10 9 497 117 613 528 80 271 96 171 
10 9 497 117 613 529 79 271 96 171 
10 9 497 117 613 530 77 271 96 171 
10 9 497 117 613 531 75 271 96 171 
10 9 497 117 613 532 73 271 96 171 
10 9 497 117 613 533 72 271 96 171 
10 9 497 117 613 534 72 271 96 171 
10 9 497 117 613 535 70 271 96 171 
10 9 497 117 613 536 68 271 96 171 
10 9 497 117 613 537 66 271 96 171 
10 9 497 117 613 538 64 271 96 171 
10 9 497 117 613 539 64 273 96 171 
10 9 497 117 613 540 63 271 96 171 
10 9 497 117 613 541 61 271 96 171 
10 9 497 117 613 542 59 272 96 168 
10 9 497 117 613 543 59 272 96 168 
10 9 497 117 613 544 57 272 96 165 
10 9 497 117 613 545 56 272 96 165 
10 9 497 117 613 546 54 273 96 162 
10 9 497 117 613 547 54 273 96 162 
10 9 497 117 613 548 52 270 96 163 
10 9 497 117 613 549 50 270 96 163 
10 9 497 117 613 550 47 271 100 160 
10 9 497 117 613 551 48 271 96 160 
10 9 497 117 613 552 47 271 96 157 
10 9 497 117 613 553 45 271 96 157 
10 9 497 117 613 554 42 272 100 154 
10 9 497 117 613 555 43 272 96 154 
10 9 497 117 613 556 41 269 96 157 
10 9 497 117 613 557 39 270 98 156 
10 9 497 117 613 558 37 270 100 156 
10 9 497 117 613 559 38 270 96 153 
10 9 497 117 613 560 36 270 96 153 
10 9 497 117 613 561 33 271 100 150 
10 9 497 117 613 562 31 271 100 150 
10 9 497 117 613 563 32 271 96 147 
10 9 497 117 613 564 30 270 98 148 
10 9 497 117 613 565 28 270 100 145 
10 9 497 117 613 566 26 270 100 145 
10 9 497 117 613 567 27 271 96 144 
10 9 497 117 613 568 24 271 100 144 
10 9 497 117 613 569 23 271 98 141 
10 9 497 117 613 570 21 271 100 141 
10 9 497 117 613 571 21 271 100 141 
10 9 497 117 613 572 19 269 100 141 
10 9 497 117 613 573 17 269 100 141 
10 9 497 117 613 574 18 269 96 141 
10 9 497 117 613 575 16 269 96 141 
10 9 497 117 613 576 15 269 96 141 
10 9 497 117 613 577 16 269 92 141 
10 9 497 117 613 578 13 269 96 141 
10 9 497 117 613 579 11 269 96 141 
10 9 497 117 613 580 12 269 92 141 
10 9 497 117 613 581 9 267 94 141 
10 9 497 117 613 582 10 267 90 141 
10 9 497 117 613 583 10 267 88 141 
10 9 497 117 613 584 7 267 92 141 
10 9 497 117 613 585 8 267 88 141 
10 9 497 117 613 586 6 267 88 141 
10 9 497 117 613 587 3 267 90 141 
10 9 497 117 613 588 4 267 86 141 
10 9 497 117 613 589 2 267 86 141 
10 9 497 117 613 590 2 267 86 141 
10 9 497 117 613 591 2 265 84 142 
10 9 497 117 613 592 0 265 85 142 
10 9 497 117 613 593 0 265 83 142 
10 9 497 117 613 594 0 265 80 142 
10 9 497 117 613 595 0 265 78 142 
10 9 497 117 613 596 0 265 76 142 
10 9 497 117 613 597 0 265 74 142 
10 9 497 117 613 598 0 265 72 142 
10 9 497 117 613 599 0 265 70 142 
10 9 497 117 613 600 0 265 67 142 
10 9 497 117 613 601 0 265 67 139 
10 9 497 117 613 602 0 265 64 139 
10 9 497 117 613 603 0 265 62 139 
10 9 497 117 613 604 0 265 59 139 
10 9 497 117 613 605 0 268 56 136 
10 9 497 117 613 606 0 268 55 136 
10 9 497 117 613 607 0 268 53 136 
10 9 497 117 613 608 0 268 50 136 
10 9 497 117 613 609 0 268 48 136 
10 9 497 117 613 610 0 270 46 133 
10 9 497 117 613 611 0 268 44 133 
10 9 497 117 613 612 0 268 44 133 
10 9 497 117 613 613 0 268 41 133 
11 9 112 648 759 648 719 310 60 127 
11 9 112 648 759 649 719 310 60 127 
11 9 112 648 759 650 721 310 60 130 
11 9 112 648 759 651 721 310 60 130 
11 9 112 648 759 652 721 312 62 127 
11 9 112 648 759 653 721 312 62 130 
11 9 112 648 759 654 724 312 60 130 
11 9 112 648 759 655 724 311 60 133 
11 9 112 648 759 656 726 311 60 133 
11 9 112 648 759 657 726 311 60 133 
11 9 112 648 759 658 728 314 60 132 
11 9 112 648 759 659 728 314 60 132 
11 9 112 648 759 660 728 313 62 135 
11 9 112 648 759 661 728 313 62 135 
11 9 112 648 759 662 731 313 60 135 
11 9 112 648 759 663 731 313 60 138 
11 9 112 648 759 664 733 314 60 136 
11 9 112 648 759 665 733 313 60 139 
11 9 112 648 759 666 735 313 60 139 
11 9 112 648 759 667 735 313 60 139 
11 9 112 648 759 668 737 313 60 142 
11 9 112 648 759 669 737 313 60 142 
11 9 112 648 759 670 737 315 62 141 
11 9 112 648 759 671 737 315 62 141 
11 9 112 648 759 672 740 315 60 141 
11 9 112 648 759 673 739 315 64 144 
11 9 112 648 759 674 742 315 60 144 
11 9 112 648 759 675 744 314 60 147 
11 9 112 648 759 676 743 314 64 147 
11 9 112 648 759 677 744 314 62 147 
11 9 112 648 759 678 744 316 64 147 
11 9 112 648 759 679 746 316 64 147 
11 9 112 648 759 680 748 316 64 148 
11 9 112 648 759 681 748 316 64 148 
11 9 112 648 759 682 750 316 64 148 
11 9 112 648 759 683 749 315 68 151 
11 9 112 648 759 684 752 315 64 151 
11 9 112 648 759 685 753 317 64 151 
11 9 112 648 759 686 752 317 68 151 
11 9 112 648 759 687 755 317 64 151 
11 9 112 648 759 688 754 317 68 154 
11 9 112 648 759 689 756 317 68 154 
11 9 112 648 759 690 758 316 66 157 
11 9 112 648 759 691 758 316 66 157 
11 9 112 648 759 692 759 316 68 157 
11 9 112 648 759 693 758 317 72 157 
11 9 112 648 759 694 761 317 68 157 
11 9 112 648 759 695 763 317 68 160 
11 9 112 648 759 696 762 317 72 160 
11 9 112 648 759 697 765 317 68 160 
11 9 112 648 759 698 764 316 70 163 
11 9 112 648 759 699 766 316 70 163 
11 9 112 648 759 700 767 318 72 163 
11 9 112 648 759 701 767 318 72 163 
11 9 112 648 759 702 766 318 76 165 
11 9 112 648 759 703 769 321 72 162 
11 9 112 648 759 704 768 320 74 165 
11 9 112 648 759 705 770 322 74 165 
11 9 112 648 759 706 770 322 74 165 
11 9 112 648 759 707 772 324 74 165 
11 9 112 648 759 708 772 324 74 165 
11 9 112 648 759 709 773 325 76 166 
11 9 112 648 759 710 772 325 80 168 
11 9 112 648 759 711 775 327 76 165 
11 9 112 648 759 712 774 327 78 168 
11 9 112 648 759 713 777 329 74 165 
11 9 112 648 759 714 776 329 78 168 
11 9 112 648 759 715 778 331 78 168 
11 9 112 648 759 716 778 331 78 168 
11 9 112 648 759 717 777 330 82 169 
11 9 112 648 759 718 780 332 78 168 
11 9 112 648 759 719 780 331 80 171 
11 9 112 648 759 720 780 333 82 171 
11 9 112 648 759 721 780 333 82 171 
11 9 112 648 759 722 782 335 82 171 
11 9 112 648 759 723 782 335 82 171 
11 9 112 648 759 724 784 337 82 171 
11 9 112 648 759 725 783 337 86 172 
11 9 112 648 759 726 786 339 82 169 
11 9 112 648 759 727 786 339 84 172 
11 9 112 648 759 728 787 340 82 171 
11 9 112 648 759 729 786 340 86 174 
11 9 112 648 759 730 788 342 86 174 
11 9 112 648 759 731 790 342 86 174 
11 9 112 648 759 732 793 341 84 175 
11 9 112 648 759 733 795 341 84 175 
11 9 112 648 759 734 795 343 86 175 
11 9 112 648 759 735 797 343 86 175 
11 9 112 648 759 736 799 343 86 178 
11 9 112 648 759 737 802 343 84 178 
11 9 112 648 759 738 802 345 86 178 
11 9 112 648 759 739 804 345 86 178 
11 9 112 648 759 740 809 344 84 181 
11 9 112 648 759 741 811 345 84 181 
11 9 112 648 759 742 811 345 86 181 
11 9 112 648 759 743 813 345 86 184 
11 9 112 648 759 744 815 345 86 184 
11 9 112 648 759 745 818 347 84 184 
11 9 112 648 759 746 818 347 86 184 
11 9 112 648 759 747 820 346 86 187 
11 9 112 648 759 748 822 346 86 187 
11 9 112 648 759 749 825 349 84 186 
11 9 112 648 759 750 827 348 86 189 
11 9 112 648 759 751 829 348 86 189 
11 9 112 648 759 752 831 350 86 189 
11 9 112 648 759 753 834 350 84 189 
11 9 112 648 759 754 834 350 86 192 
11 9 112 648 759 755 836 350 86 192 
11 9 112 648 759 756 838 352 86 192 
11 9 112 648 759 757 841 352 84 192 
11 9 112 648 759 758 843 351 84 193 
11 9 112 648 759 759 845 352 86 195 
12 9 325 435 759 435 5 262 76 100 
12 9 325 435 759 436 6 262 78 100 
12 9 325 435 759 437 8 260 78 100 
12 9 325 435 759 438 10 260 78 100 
12 9 325 435 759 439 12 260 78 100 
12 9 325 435 759 440 13 260 78 100 
12 9 325 435 759 441 15 260 78 100 
12 9 325 435 759 442 17 260 78 100 
12 9 325 435 759 443 19 260 78 100 
12 9 325 435 759 444 20 258 80 102 
12 9 325 435 759 445 22 258 78 102 
12 9 325 435 759 446 24 258 78 102 
12 9 325 435 759 447 26 258 78 102 
12 9 325 435 759 448 29 258 78 102 
12 9 325 435 759 449 31 258 78 102 
12 9 325 435 759 450 33 258 78 102 
12 9 325 435 759 451 35 258 78 102 
12 9 325 435 759 452 36 256 80 102 
12 9 325 435 759 453 38 256 78 102 
12 9 325 435 759 454 40 256 78 102 
12 9 325 435 759 455 42 256 78 102 
12 9 325 435 759 456 44 256 78 102 
12 9 325 435 759 457 45 256 78 102 
12 9 325 435 759 458 47 256 78 102 
12 9 325 435 759 459 51 256 78 102 
12 9 325 435 759 460 53 256 76 99 
12 9 325 435 759 461 55 257 76 96 
12 9 325 435 759 462 57 257 74 96 
12 9 325 435 759 463 59 257 74 94 
12 9 325 435 759 464 61 257 74 94 
12 9 325 435 759 465 62 257 76 91 
12 9 325 435 759 466 64 257 74 91 
12 9 325 435 759 467 69 258 70 88 
12 9 325 435 759 468 70 258 72 88 
12 9 325 435 759 469 72 258 72 85 
12 9 325 435 759 470 74 258 72 85 
12 9 325 435 759 471 76 259 70 82 
12 9 325 435 759 472 78 259 70 82 
12 9 325 435 759 473 79 259 72 81 
12 9 325 435 759 474 81 259 72 81 
12 9 325 435 759 475 86 260 66 78 
12 9 325 435 759 476 87 260 68 78 
12 9 325 435 759 477 89 260 68 75 
12 9 325 435 759 478 91 260 68 75 
12 9 325 435 759 479 93 261 68 72 
12 9 325 435 759 480 95 261 66 72 
12 9 325 435 759 481 96 261 68 70 
12 9 325 435 759 482 101 261 64 70 
12 9 325 435 759 483 101 261 64 70 
12 9 325 435 759 484 103 261 64 70 
12 9 325 435 759 485 104 261 64 70 
12 9 325 435 759 486 106 261 64 70 
12 9 325 435 759 487 108 261 64 70 
12 9 325 435 759 488 110 261 64 70 
12 9 325 435 759 489 112 261 64 70 
12 9 325 435 759 490 113 261 64 70 
12 9 325 435 759 491 115 261 64 70 
12 9 325 435 759 492 117 261 64 70 
12 9 325 435 759 493 119 263 64 69 
12 9 325 435 759 494 119 263 64 69 
12 9 325 435 759 495 120 263 64 69 
12 9 325 435 759 496 122 263 64 69 
12 9 325 435 759 497 124 263 64 69 
12 9 325 435 759 498 126 263 64 69 
12 9 325 435 759 499 128 263 64 69 
12 9 325 435 759 500 129 263 64 69 
12 9 325 435 759 501 131 263 64 69 
12 9 325 435 759 502 133 263 64 69 
12 9 325 435 759 503 135 263 64 69 
12 9 325 435 759 504 136 265 64 69 
12 9 325 435 759 505 138 265 64 69 
12 9 325 435 759 506 140 265 64 69 
12 9 325 435 759 507 142 265 64 69 
12 9 325 435 759 508 144 265 64 69 
12 9 325 435 759 509 145 265 64 69 
12 9 325 435 759 510 147 265 64 69 
12 9 325 435 759 511 149 265 64 69 
12 9 325 435 759 512 151 265 64 69 
12 9 325 435 759 513 152 265 64 69 
12 9 325 435 759 514 154 265 64 69 
12 9 325 435 759 515 156 265 64 69 
12 9 325 435 759 516 158 265 64 69 
12 9 325 435 759 517 160 265 64 69 
12 9 325 435 759 518 161 265 64 69 
12 9 325 435 759 519 163 265 64 69 
12 9 325 435 759 520 165 265 64 69 
12 9 325 435 759 521 168 267 64 69 
12 9 325 435 759 522 170 265 64 72 
12 9 325 435 759 523 172 265 64 72 
12 9 325 435 759 524 174 264 64 75 
12 9 325 435 759 525 176 264 64 75 
12 9 325 435 759 526 177 264 64 75 
12 9 325 435 759 527 179 264 64 76 
12 9 325 435 759 528 181 264 64 76 
12 9 325 435 759 529 183 263 64 79 
12 9 325 435 759 530 184 263 64 79 
12 9 325 435 759 531 186 263 64 79 
12 9 325 435 759 532 190 260 64 85 
12 9 325 435 759 533 192 260 64 85 
12 9 325 435 759 534 193 260 64 85 
12 9 325 435 759 535 195 260 64 88 
12 9 325 435 759 536 197 260 64 88 
12 9 325 435 759 537 199 259 64 91 
12 9 325 435 759 538 200 259 64 91 
12 9 325 435 759 539 202 259 64 91 
12 9 325 435 759 540 204 259 64 93 
12 9 325 435 759 541 206 259 64 93 
12 9 325 435 759 542 209 259 64 96 
12 9 325 435 759 543 209 257 64 96 
12 9 325 435 759 544 211 257 64 96 
12 9 325 435 759 545 213 257 64 96 
12 9 325 435 759 546 215 257 64 96 
12 9 325 435 759 547 216 257 64 96 
12 9 325 435 759 548 218 257 64 96 
12 9 325 435 759 549 218 257 64 96 
12 9 325 435 759 550 220 257 64 96 
12 9 325 435 759 551 222 257 64 96 
12 9 325 435 759 552 224 257 64 96 
12 9 325 435 759 553 225 257 64 96 
12 9 325 435 759 554 227 257 64 96 
12 9 325 435 759 555 227 257 64 96 
12 9 325 435 759 556 229 257 64 96 
12 9 325 435 759 557 231 257 64 96 
12 9 325 435 759 558 232 257 64 96 
12 9 325 435 759 559 234 256 64 96 
12 9 325 435 759 560 236 256 64 96 
12 9 325 435 759 561 238 256 64 96 
12 9 325 435 759 562 238 256 64 96 
12 9 325 435 759 563 240 256 64 96 
12 9 325 435 759 564 241 256 64 96 
12 9 325 435 759 565 243 256 64 96 
12 9 325 435 759 566 245 256 64 96 
12 9 325 435 759 567 247 256 64 96 
12 9 325 435 759 568 247 256 64 96 
12 9 325 435 759 569 248 256 64 96 
12 9 325 435 759 570 250 256 64 96 
12 9 325 435 759 571 252 256 64 96 
12 9 325 435 759 572 254 256 64 96 
12 9 325 435 759 573 256 256 64 96 
12 9 325 435 759 574 257 256 64 96 
12 9 325 435 759 575 257 254 64 96 
12 9 325 435 759 576 259 254 64 96 
12 9 325 435 759 577 261 254 64 96 
12 9 325 435 759 578 261 254 64 96 
12 9 325 435 759 579 263 254 64 96 
12 9 325 435 759 580 264 254 64 96 
12 9 325 435 759 581 266 254 64 96 
12 9 325 435 759 582 266 254 64 96 
12 9 325 435 759 583 268 252 64 96 
12 9 325 435 759 584 270 252 64 96 
12 9 325 435 759 585 272 252 64 96 
12 9 325 435 759 586 272 252 64 96 
12 9 325 435 759 587 273 252 64 96 
12 9 325 435 759 588 275 252 64 96 
12 9 325 435 759 589 275 252 64 96 
12 9 325 435 759 590 277 252 64 96 
12 9 325 435 759 591 279 252 64 96 
12 9 325 435 759 592 280 250 64 96 
12 9 325 435 759 593 280 250 64 96 
12 9 325 435 759 594 282 250 64 96 
12 9 325 435 759 595 284 250 64 96 
12 9 325 435 759 596 286 250 64 96 
12 9 325 435 759 597 286 250 64 96 
12 9 325 435 759 598 288 250 64 96 
12 9 325 435 759 599 289 250 64 96 
12 9 325 435 759 600 291 250 64 96 
12 9 325 435 759 601 291 250 64 93 
12 9 325 435 759 602 294 250 60 93 
12 9 325 435 759 603 296 250 60 93 
12 9 325 435 759 604 296 250 60 93 
12 9 325 435 759 605 296 253 62 90 
12 9 325 435 759 606 299 253 58 90 
12 9 325 435 759 607 299 253 60 90 
12 9 325 435 759 608 302 253 56 90 
12 9 325 435 759 609 304 253 56 90 
12 9 325 435 759 610 307 255 52 87 
12 9 325 435 759 611 307 255 52 85 
12 9 325 435 759 612 307 255 54 85 
12 9 325 435 759 613 310 255 50 85 
12 9 325 435 759 614 309 255 54 85 
12 9 325 435 759 615 312 258 50 82 
12 9 325 435 759 616 314 258 50 82 
12 9 325 435 759 617 314 258 50 82 
12 9 325 435 759 618 315 258 50 82 
12 9 325 435 759 619 318 258 46 82 
12 9 325 435 759 620 320 259 46 81 
12 9 325 435 759 621 318 258 46 79 
12 9 325 435 759 622 318 258 46 79 
12 9 325 435 759 623 318 258 46 79 
12 9 325 435 759 624 318 258 46 79 
12 9 325 435 759 625 318 258 46 79 
12 9 325 435 759 626 316 258 48 79 
12 9 325 435 759 627 316 258 48 79 
12 9 325 435 759 628 316 258 48 79 
12 9 325 435 759 629 316 258 48 79 
12 9 325 435 759 630 316 258 48 79 
12 9 325 435 759 631 316 258 48 79 
12 9 325 435 759 632 315 258 46 79 
12 9 325 435 759 633 315 258 46 79 
12 9 325 435 759 634 315 258 46 79 
12 9 325 435 759 635 315 258 46 79 
12 9 325 435 759 636 315 258 46 79 
12 9 325 435 759 637 313 256 46 79 
12 9 325 435 759 638 313 256 46 79 
12 9 325 435 759 639 313 256 46 79 
12 9 325 435 759 640 313 256 46 79 
12 9 325 435 759 641 313 256 46 79 
12 9 325 435 759 642 313 256 46 79 
12 9 325 435 759 643 311 256 46 79 
12 9 325 435 759 644 311 256 46 79 
12 9 325 435 759 645 311 256 46 79 
12 9 325 435 759 646 311 256 46 79 
12 9 325 435 759 647 311 256 46 79 
12 9 325 435 759 648 309 256 46 79 
12 9 325 435 759 649 309 256 46 79 
12 9 325 435 759 650 309 256 46 79 
12 9 325 435 759 651 309 256 46 79 
12 9 325 435 759 652 309 256 46 79 
12 9 325 435 759 653 309 256 46 79 
12 9 325 435 759 654 308 254 46 79 
12 9 325 435 759 655 308 254 46 79 
12 9 325 435 759 656 308 254 46 79 
12 9 325 435 759 657 308 254 46 79 
12 9 325 435 759 658 308 254 46 79 
12 9 325 435 759 659 306 254 46 79 
12 9 325 435 759 660 306 254 46 79 
12 9 325 435 759 661 306 254 46 79 
12 9 325 435 759 662 306 254 46 79 
12 9 325 435 759 663 306 254 46 79 
12 9 325 435 759 664 306 254 46 79 
12 9 325 435 759 665 304 254 46 79 
12 9 325 435 759 666 304 254 46 79 
12 9 325 435 759 667 304 254 46 79 
12 9 325 435 759 668 304 254 46 79 
12 9 325 435 759 669 304 254 46 79 
12 9 325 435 759 670 304 254 46 79 
12 9 325 435 759 671 302 252 46 81 
12 9 325 435 759 672 302 252 46 81 
12 9 325 435 759 673 302 252 46 81 
12 9 325 435 759 674 302 252 46 81 
12 9 325 435 759 675 302 252 46 81 
12 9 325 435 759 676 302 252 46 81 
12 9 325 435 759 677 300 252 48 81 
12 9 325 435 759 678 300 252 48 81 
12 9 325 435 759 679 300 252 48 81 
12 9 325 435 759 680 300 252 48 81 
12 9 325 435 759 681 300 252 48 81 
12 9 325 435 759 682 300 252 48 81 
12 9 325 435 759 683 299 252 46 81 
12 9 325 435 759 684 299 252 46 81 
12 9 325 435 759 685 299 252 46 81 
12 9 325 435 759 686 299 252 46 81 
12 9 325 435 759 687 299 250 46 81 
12 9 325 435 759 688 299 250 46 81 
12 9 325 435 759 689 297 250 46 81 
12 9 325 435 759 690 297 250 46 81 
12 9 325 435 759 691 297 250 46 81 
12 9 325 435 759 692 297 250 46 81 
12 9 325 435 759 693 297 250 46 81 
12 9 325 435 759 694 297 250 46 81 
12 9 325 435 759 695 297 250 46 81 
12 9 325 435 759 696 295 250 46 81 
12 9 325 435 759 697 295 250 46 81 
12 9 325 435 759 698 295 250 46 81 
12 9 325 435 759 699 295 250 46 81 
12 9 325 435 759 700 295 250 46 81 
12 9 325 435 759 701 295 250 46 81 
12 9 325 435 759 702 293 250 46 81 
12 9 325 435 759 703 293 250 46 81 
12 9 325 435 759 704 293 249 46 79 
12 9 325 435 759 705 293 249 46 79 
12 9 325 435 759 706 293 249 46 79 
12 9 325 435 759 707 293 249 46 79 
12 9 325 435 759 708 292 249 46 79 
12 9 325 435 759 709 292 249 46 79 
12 9 325 435 759 710 292 249 46 79 
12 9 325 435 759 711 292 249 46 79 
12 9 325 435 759 712 292 249 46 79 
12 9 325 435 759 713 292 249 46 79 
12 9 325 435 759 714 290 249 46 79 
12 9 325 435 759 715 290 249 46 79 
12 9 325 435 759 716 290 249 46 79 
12 9 325 435 759 717 290 249 46 79 
12 9 325 435 759 718 290 249 46 79 
12 9 325 435 759 719 290 249 46 79 
12 9 325 435 759 720 290 249 46 79 
12 9 325 435 759 721 288 247 46 79 
12 9 325 435 759 722 288 247 46 79 
12 9 325 435 759 723 288 247 46 79 
12 9 325 435 759 724 288 247 46 79 
12 9 325 435 759 725 288 247 46 79 
12 9 325 435 759 726 288 247 46 79 
12 9 325 435 759 727 288 247 46 79 
12 9 325 435 759 728 288 247 46 79 
12 9 325 435 759 729 288 247 46 79 
12 9 325 435 759 730 288 247 46 79 
12 9 325 435 759 731 288 247 46 79 
12 9 325 435 759 732 288 247 46 79 
12 9 325 435 759 733 288 247 46 79 
12 9 325 435 759 734 288 245 46 79 
12 9 325 435 759 735 288 245 46 79 
12 9 325 435 759 736 288 245 46 79 
12 9 325 435 759 737 288 245 46 79 
12 9 325 435 759 738 288 245 46 79 
12 9 325 435 759 739 288 245 46 79 
12 9 325 435 759 740 288 245 46 79 
12 9 325 435 759 741 288 245 46 79 
12 9 325 435 759 742 288 245 46 79 
12 9 325 435 759 743 288 245 46 79 
12 9 325 435 759 744 288 245 46 79 
12 9 325 435 759 745 288 245 46 79 
12 9 325 435 759 746 288 245 46 79 
12 9 325 435 759 747 288 243 46 81 
12 9 325 435 759 748 288 243 46 81 
12 9 325 435 759 749 288 243 46 81 
12 9 325 435 759 750 288 243 46 81 
12 9 325 435 759 751 288 243 46 81 
12 9 325 435 759 752 288 243 46 81 
12 9 325 435 759 753 288 243 46 81 
12 9 325 435 759 754 288 243 46 81 
12 9 325 435 759 755 288 243 46 81 
12 9 325 435 759 756 288 243 46 81 
12 9 325 435 759 757 288 243 46 81 
12 9 325 435 759 758 288 243 46 81 
12 9 325 435 759 759 288 243 46 81 
