26 9 460 673 1132 673 1016 647 114 71 
26 9 460 673 1132 674 1012 647 110 71 
26 9 460 673 1132 675 1006 647 110 71 
26 9 460 673 1132 676 999 644 110 74 
26 9 460 673 1132 677 995 644 106 74 
26 9 460 673 1132 678 989 644 108 74 
26 9 460 673 1132 679 985 644 104 74 
26 9 460 673 1132 680 980 644 102 74 
26 9 460 673 1132 681 973 642 108 76 
26 9 460 673 1132 682 970 642 106 76 
26 9 460 673 1132 683 966 642 108 76 
26 9 460 673 1132 684 963 642 106 76 
26 9 460 673 1132 685 958 642 110 76 
26 9 460 673 1132 686 952 642 114 76 
26 9 460 673 1132 687 948 642 114 76 
26 9 460 673 1132 688 945 642 114 76 
26 9 460 673 1132 689 941 642 114 76 
26 9 460 673 1132 690 938 642 116 76 
26 9 460 673 1132 691 931 631 118 88 
26 9 460 673 1132 692 929 622 116 96 
26 9 460 673 1132 693 922 613 118 105 
26 9 460 673 1132 694 919 602 118 116 
26 9 460 673 1132 695 915 593 116 125 
26 9 460 673 1132 696 910 584 118 134 
26 9 460 673 1132 697 906 573 116 145 
26 9 460 673 1132 698 901 564 118 154 
26 9 460 673 1132 699 897 556 116 163 
26 9 460 673 1132 700 892 546 118 172 
26 9 460 673 1132 701 887 544 118 174 
26 9 460 673 1132 702 883 544 118 174 
26 9 460 673 1132 703 881 544 116 174 
26 9 460 673 1132 704 876 542 118 176 
26 9 460 673 1132 705 874 542 116 176 
26 9 460 673 1132 706 869 542 118 176 
26 9 460 673 1132 707 867 542 116 177 
26 9 460 673 1132 708 862 542 118 177 
26 9 460 673 1132 709 858 542 118 177 
26 9 460 673 1132 710 855 542 118 177 
26 9 460 673 1132 711 851 539 116 179 
26 9 460 673 1132 712 844 539 118 179 
26 9 460 673 1132 713 842 539 116 179 
26 9 460 673 1132 714 835 539 118 179 
26 9 460 673 1132 715 833 539 116 179 
26 9 460 673 1132 716 826 539 118 179 
26 9 460 673 1132 717 821 539 118 179 
26 9 460 673 1132 718 819 539 116 179 
26 9 460 673 1132 719 812 539 118 179 
26 9 460 673 1132 720 810 539 116 179 
26 9 460 673 1132 721 805 537 118 181 
26 9 460 673 1132 722 803 534 116 184 
26 9 460 673 1132 723 798 532 118 187 
26 9 460 673 1132 724 796 530 118 188 
26 9 460 673 1132 725 794 527 116 191 
26 9 460 673 1132 726 789 525 118 193 
26 9 460 673 1132 727 787 522 118 196 
26 9 460 673 1132 728 785 521 116 198 
26 9 460 673 1132 729 780 518 118 200 
26 9 460 673 1132 730 778 515 118 203 
26 9 460 673 1132 731 775 513 118 205 
26 9 460 673 1132 732 771 513 118 205 
26 9 460 673 1132 733 769 511 116 207 
26 9 460 673 1132 734 764 511 118 207 
26 9 460 673 1132 735 762 511 118 207 
26 9 460 673 1132 736 759 510 118 208 
26 9 460 673 1132 737 755 510 118 208 
26 9 460 673 1132 738 753 508 116 210 
26 9 460 673 1132 739 748 508 118 210 
26 9 460 673 1132 740 746 508 118 210 
26 9 460 673 1132 741 741 508 118 210 
26 9 460 673 1132 742 739 508 116 210 
26 9 460 673 1132 743 734 508 118 210 
26 9 460 673 1132 744 730 508 118 210 
26 9 460 673 1132 745 727 508 118 210 
26 9 460 673 1132 746 723 508 118 210 
26 9 460 673 1132 747 721 508 116 210 
26 9 460 673 1132 748 716 508 118 210 
26 9 460 673 1132 749 714 508 116 210 
26 9 460 673 1132 750 709 508 118 210 
26 9 460 673 1132 751 707 506 116 212 
26 9 460 673 1132 752 702 504 118 214 
26 9 460 673 1132 753 698 503 118 215 
26 9 460 673 1132 754 695 503 118 215 
26 9 460 673 1132 755 691 501 118 217 
26 9 460 673 1132 756 689 499 116 219 
26 9 460 673 1132 757 684 499 118 219 
26 9 460 673 1132 758 682 497 116 221 
26 9 460 673 1132 759 677 495 118 223 
26 9 460 673 1132 760 675 495 118 223 
26 9 460 673 1132 761 673 495 116 223 
26 9 460 673 1132 762 668 495 118 223 
26 9 460 673 1132 763 666 495 118 223 
26 9 460 673 1132 764 663 495 118 223 
26 9 460 673 1132 765 661 495 118 223 
26 9 460 673 1132 766 659 495 116 223 
26 9 460 673 1132 767 654 495 118 223 
26 9 460 673 1132 768 652 495 118 223 
26 9 460 673 1132 769 650 495 116 223 
26 9 460 673 1132 770 647 495 118 223 
26 9 460 673 1132 771 643 494 118 224 
26 9 460 673 1132 772 641 492 116 226 
26 9 460 673 1132 773 636 492 118 226 
26 9 460 673 1132 774 634 490 116 228 
26 9 460 673 1132 775 631 490 118 228 
26 9 460 673 1132 776 627 488 118 230 
26 9 460 673 1132 777 625 487 116 231 
26 9 460 673 1132 778 620 487 118 231 
26 9 460 673 1132 779 618 485 116 233 
26 9 460 673 1132 780 615 485 118 233 
26 9 460 673 1132 781 611 484 118 234 
26 9 460 673 1132 782 611 482 116 235 
26 9 460 673 1132 783 606 481 118 232 
26 9 460 673 1132 784 604 480 118 229 
26 9 460 673 1132 785 602 479 116 226 
26 9 460 673 1132 786 599 478 118 222 
26 9 460 673 1132 787 595 476 118 219 
26 9 460 673 1132 788 595 476 116 216 
26 9 460 673 1132 789 590 474 118 213 
26 9 460 673 1132 790 588 475 118 207 
26 9 460 673 1132 791 586 473 116 208 
26 9 460 673 1132 792 583 473 118 208 
26 9 460 673 1132 793 581 473 118 208 
26 9 460 673 1132 794 579 471 116 208 
26 9 460 673 1132 795 577 471 116 208 
26 9 460 673 1132 796 574 471 118 208 
26 9 460 673 1132 797 570 469 118 208 
26 9 460 673 1132 798 570 469 116 208 
26 9 460 673 1132 799 567 469 118 208 
26 9 460 673 1132 800 565 469 118 208 
26 9 460 673 1132 801 563 468 116 207 
26 9 460 673 1132 802 558 468 118 207 
26 9 460 673 1132 803 554 468 118 207 
26 9 460 673 1132 804 551 468 118 207 
26 9 460 673 1132 805 549 468 118 207 
26 9 460 673 1132 806 547 468 116 207 
26 9 460 673 1132 807 542 468 118 207 
26 9 460 673 1132 808 538 468 118 207 
26 9 460 673 1132 809 535 468 118 207 
26 9 460 673 1132 810 533 468 118 207 
26 9 460 673 1132 811 531 466 116 208 
26 9 460 673 1132 812 526 466 118 208 
26 9 460 673 1132 813 524 464 118 208 
26 9 460 673 1132 814 522 464 116 208 
26 9 460 673 1132 815 519 462 118 208 
26 9 460 673 1132 816 515 462 118 208 
26 9 460 673 1132 817 513 461 116 207 
26 9 460 673 1132 818 510 461 118 207 
26 9 460 673 1132 819 506 459 118 207 
26 9 460 673 1132 820 506 459 116 207 
26 9 460 673 1132 821 501 457 118 208 
26 9 460 673 1132 822 499 455 118 208 
26 9 460 673 1132 823 499 455 116 208 
26 9 460 673 1132 824 497 453 116 208 
26 9 460 673 1132 825 494 453 118 208 
26 9 460 673 1132 826 492 452 118 207 
26 9 460 673 1132 827 490 450 118 208 
26 9 460 673 1132 828 490 450 116 208 
26 9 460 673 1132 829 487 448 118 208 
26 9 460 673 1132 830 485 448 118 208 
26 9 460 673 1132 831 483 446 116 208 
26 9 460 673 1132 832 481 446 116 208 
26 9 460 673 1132 833 476 446 118 208 
26 9 460 673 1132 834 474 446 118 208 
26 9 460 673 1132 835 471 446 118 208 
26 9 460 673 1132 836 469 445 118 207 
26 9 460 673 1132 837 467 445 116 207 
26 9 460 673 1132 838 465 445 116 207 
26 9 460 673 1132 839 460 445 118 207 
26 9 460 673 1132 840 458 445 118 207 
26 9 460 673 1132 841 455 443 118 207 
26 9 460 673 1132 842 453 443 118 207 
26 9 460 673 1132 843 451 443 118 207 
26 9 460 673 1132 844 451 443 116 207 
26 9 460 673 1132 845 449 443 116 207 
26 9 460 673 1132 846 446 443 118 207 
26 9 460 673 1132 847 444 443 118 207 
26 9 460 673 1132 848 442 443 118 207 
26 9 460 673 1132 849 442 443 116 207 
26 9 460 673 1132 850 439 443 118 207 
26 9 460 673 1132 851 437 443 118 207 
26 9 460 673 1132 852 435 443 118 207 
26 9 460 673 1132 853 435 443 116 207 
26 9 460 673 1132 854 433 443 116 207 
26 9 460 673 1132 855 430 443 118 207 
26 9 460 673 1132 856 428 443 118 207 
26 9 460 673 1132 857 426 443 118 207 
26 9 460 673 1132 858 426 443 116 207 
26 9 460 673 1132 859 423 443 118 207 
26 9 460 673 1132 860 421 443 118 207 
26 9 460 673 1132 861 419 441 116 208 
26 9 460 673 1132 862 414 441 118 208 
26 9 460 673 1132 863 410 441 118 208 
26 9 460 673 1132 864 407 441 118 208 
26 9 460 673 1132 865 403 441 118 208 
26 9 460 673 1132 866 401 441 116 208 
26 9 460 673 1132 867 396 441 118 208 
26 9 460 673 1132 868 394 441 116 208 
26 9 460 673 1132 869 389 441 118 208 
26 9 460 673 1132 870 387 441 118 208 
26 9 460 673 1132 871 385 441 116 208 
26 9 460 673 1132 872 382 441 118 208 
26 9 460 673 1132 873 380 441 118 208 
26 9 460 673 1132 874 378 441 116 208 
26 9 460 673 1132 875 375 441 118 208 
26 9 460 673 1132 876 373 441 118 208 
26 9 460 673 1132 877 371 441 116 208 
26 9 460 673 1132 878 369 441 116 208 
26 9 460 673 1132 879 366 441 118 208 
26 9 460 673 1132 880 364 441 118 208 
26 9 460 673 1132 881 362 440 116 202 
26 9 460 673 1132 882 357 438 118 201 
26 9 460 673 1132 883 355 439 118 195 
26 9 460 673 1132 884 353 439 116 192 
26 9 460 673 1132 885 350 440 118 186 
26 9 460 673 1132 886 346 438 118 181 
26 9 460 673 1132 887 343 437 118 178 
26 9 460 673 1132 888 341 438 118 174 
26 9 460 673 1132 889 339 436 116 171 
26 9 460 673 1132 890 337 437 116 166 
26 9 460 673 1132 891 334 437 118 166 
26 9 460 673 1132 892 332 437 118 166 
26 9 460 673 1132 893 330 437 118 166 
26 9 460 673 1132 894 330 437 116 166 
26 9 460 673 1132 895 327 437 118 166 
26 9 460 673 1132 896 325 437 118 166 
26 9 460 673 1132 897 323 437 118 166 
26 9 460 673 1132 898 323 437 116 166 
26 9 460 673 1132 899 321 437 116 166 
26 9 460 673 1132 900 318 437 118 166 
26 9 460 673 1132 901 317 437 114 163 
26 9 460 673 1132 902 318 437 110 163 
26 9 460 673 1132 903 317 437 108 163 
26 9 460 673 1132 904 318 437 104 163 
26 9 460 673 1132 905 320 440 96 160 
26 9 460 673 1132 906 319 440 96 160 
26 9 460 673 1132 907 321 440 88 160 
26 9 460 673 1132 908 319 440 88 160 
26 9 460 673 1132 909 320 440 82 160 
26 9 460 673 1132 910 321 442 78 157 
26 9 460 673 1132 911 319 440 78 157 
26 9 460 673 1132 912 317 440 78 157 
26 9 460 673 1132 913 316 440 78 157 
26 9 460 673 1132 914 314 440 78 157 
26 9 460 673 1132 915 312 440 78 157 
26 9 460 673 1132 916 310 438 78 157 
26 9 460 673 1132 917 308 438 80 157 
26 9 460 673 1132 918 307 438 78 157 
26 9 460 673 1132 919 305 438 78 157 
26 9 460 673 1132 920 305 438 78 157 
26 9 460 673 1132 921 303 438 78 156 
26 9 460 673 1132 922 301 438 78 156 
26 9 460 673 1132 923 300 438 78 156 
26 9 460 673 1132 924 298 438 78 156 
26 9 460 673 1132 925 296 438 78 156 
26 9 460 673 1132 926 294 435 78 157 
26 9 460 673 1132 927 292 435 80 157 
26 9 460 673 1132 928 291 435 78 157 
26 9 460 673 1132 929 289 435 78 157 
26 9 460 673 1132 930 290 435 74 157 
26 9 460 673 1132 931 288 436 74 154 
26 9 460 673 1132 932 286 433 76 157 
26 9 460 673 1132 933 284 433 78 157 
26 9 460 673 1132 934 282 433 78 157 
26 9 460 673 1132 935 280 433 78 157 
26 9 460 673 1132 936 278 434 78 154 
26 9 460 673 1132 937 276 431 80 157 
26 9 460 673 1132 938 275 431 78 157 
26 9 460 673 1132 939 273 431 78 157 
26 9 460 673 1132 940 274 431 74 157 
26 9 460 673 1132 941 272 432 74 154 
26 9 460 673 1132 942 270 432 76 154 
26 9 460 673 1132 943 269 429 74 157 
26 9 460 673 1132 944 267 429 74 157 
26 9 460 673 1132 945 264 429 78 157 
26 9 460 673 1132 946 262 429 78 157 
26 9 460 673 1132 947 260 430 80 156 
26 9 460 673 1132 948 259 428 78 157 
26 9 460 673 1132 949 257 428 78 157 
26 9 460 673 1132 950 258 428 74 157 
26 9 460 673 1132 951 256 428 74 157 
26 9 460 673 1132 952 254 429 76 154 
26 9 460 673 1132 953 253 429 74 154 
26 9 460 673 1132 954 251 426 74 157 
26 9 460 673 1132 955 249 426 74 157 
26 9 460 673 1132 956 247 426 76 157 
26 9 460 673 1132 957 244 427 80 154 
26 9 460 673 1132 958 243 427 78 154 
26 9 460 673 1132 959 241 424 78 157 
26 9 460 673 1132 960 242 424 74 157 
26 9 460 673 1132 961 240 424 74 157 
26 9 460 673 1132 962 238 425 76 154 
26 9 460 673 1132 963 237 425 74 154 
26 9 460 673 1132 964 235 425 74 154 
26 9 460 673 1132 965 233 422 74 157 
26 9 460 673 1132 966 231 422 76 157 
26 9 460 673 1132 967 229 422 76 157 
26 9 460 673 1132 968 228 423 74 154 
26 9 460 673 1132 969 225 423 78 154 
26 9 460 673 1132 970 226 422 74 156 
26 9 460 673 1132 971 224 422 74 156 
26 9 460 673 1132 972 222 422 76 156 
26 9 460 673 1132 973 221 422 74 154 
26 9 460 673 1132 974 219 422 74 154 
26 9 460 673 1132 975 217 422 74 154 
26 9 460 673 1132 976 215 419 76 157 
26 9 460 673 1132 977 213 419 76 157 
26 9 460 673 1132 978 212 420 74 154 
26 9 460 673 1132 979 210 420 74 154 
26 9 460 673 1132 980 211 420 70 154 
26 9 460 673 1132 981 209 417 72 157 
26 9 460 673 1132 982 206 417 76 157 
26 9 460 673 1132 983 205 418 74 154 
26 9 460 673 1132 984 203 418 74 154 
26 9 460 673 1132 985 201 418 74 154 
26 9 460 673 1132 986 199 418 76 154 
26 9 460 673 1132 987 197 415 76 157 
26 9 460 673 1132 988 196 415 74 157 
26 9 460 673 1132 989 194 416 74 154 
26 9 460 673 1132 990 195 416 70 154 
26 9 460 673 1132 991 193 416 72 154 
26 9 460 673 1132 992 191 413 72 157 
26 9 460 673 1132 993 190 413 70 157 
26 9 460 673 1132 994 187 414 74 156 
26 9 460 673 1132 995 185 414 74 156 
26 9 460 673 1132 996 183 414 76 156 
26 9 460 673 1132 997 181 414 76 156 
26 9 460 673 1132 998 180 412 74 157 
26 9 460 673 1132 999 178 413 74 154 
26 9 460 673 1132 1000 179 413 70 154 
26 9 460 673 1132 1001 177 413 72 154 
26 9 460 673 1132 1002 175 413 72 154 
26 9 460 673 1132 1003 174 410 70 157 
26 9 460 673 1132 1004 172 411 70 154 
26 9 460 673 1132 1005 170 411 72 154 
26 9 460 673 1132 1006 167 411 76 154 
26 9 460 673 1132 1007 165 411 76 154 
26 9 460 673 1132 1008 164 411 74 154 
26 9 460 673 1132 1009 162 408 74 157 
26 9 460 673 1132 1010 163 409 70 154 
26 9 460 673 1132 1011 161 409 72 154 
26 9 460 673 1132 1012 159 409 72 154 
26 9 460 673 1132 1013 158 409 70 154 
26 9 460 673 1132 1014 156 406 70 157 
26 9 460 673 1132 1015 154 407 72 154 
26 9 460 673 1132 1016 152 407 72 154 
26 9 460 673 1132 1017 150 407 72 154 
26 9 460 673 1132 1018 148 407 74 154 
26 9 460 673 1132 1019 146 407 74 154 
26 9 460 673 1132 1020 147 406 70 154 
26 9 460 673 1132 1021 145 406 72 154 
26 9 460 673 1132 1022 143 406 72 154 
26 9 460 673 1132 1023 142 406 70 154 
26 9 460 673 1132 1024 140 406 70 154 
26 9 460 673 1132 1025 138 404 72 154 
26 9 460 673 1132 1026 136 404 72 154 
26 9 460 673 1132 1027 134 404 72 154 
26 9 460 673 1132 1028 133 404 70 154 
26 9 460 673 1132 1029 131 404 70 154 
26 9 460 673 1132 1030 131 404 70 154 
26 9 460 673 1132 1031 129 404 72 154 
26 9 460 673 1132 1032 130 404 68 154 
26 9 460 673 1132 1033 127 404 72 154 
26 9 460 673 1132 1034 128 404 68 154 
26 9 460 673 1132 1035 126 403 70 157 
26 9 460 673 1132 1036 127 403 66 157 
26 9 460 673 1132 1037 125 403 68 157 
26 9 460 673 1132 1038 125 403 68 157 
26 9 460 673 1132 1039 123 403 68 157 
26 9 460 673 1132 1040 123 406 68 156 
26 9 460 673 1132 1041 121 403 68 157 
26 9 460 673 1132 1042 119 403 68 157 
26 9 460 673 1132 1043 118 403 66 157 
26 9 460 673 1132 1044 116 403 68 157 
26 9 460 673 1132 1045 114 403 68 157 
26 9 460 673 1132 1046 112 401 68 157 
26 9 460 673 1132 1047 111 401 66 157 
26 9 460 673 1132 1048 109 401 68 157 
26 9 460 673 1132 1049 107 401 68 157 
26 9 460 673 1132 1050 107 401 68 157 
26 9 460 673 1132 1051 105 399 68 157 
26 9 460 673 1132 1052 103 399 68 157 
26 9 460 673 1132 1053 102 399 66 157 
26 9 460 673 1132 1054 100 399 68 157 
26 9 460 673 1132 1055 98 399 68 157 
26 9 460 673 1132 1056 96 400 68 154 
26 9 460 673 1132 1057 95 400 66 154 
26 9 460 673 1132 1058 93 400 68 154 
26 9 460 673 1132 1059 91 400 68 154 
26 9 460 673 1132 1060 91 400 68 154 
26 9 460 673 1132 1061 89 398 68 156 
26 9 460 673 1132 1062 87 398 68 156 
26 9 460 673 1132 1063 86 398 66 156 
26 9 460 673 1132 1064 84 398 68 156 
26 9 460 673 1132 1065 82 398 68 156 
26 9 460 673 1132 1066 80 396 68 157 
26 9 460 673 1132 1067 79 396 66 157 
26 9 460 673 1132 1068 77 396 68 157 
26 9 460 673 1132 1069 75 396 68 157 
26 9 460 673 1132 1070 75 396 68 157 
26 9 460 673 1132 1071 73 394 68 157 
26 9 460 673 1132 1072 73 394 68 157 
26 9 460 673 1132 1073 71 394 68 157 
26 9 460 673 1132 1074 71 394 68 157 
26 9 460 673 1132 1075 70 394 66 157 
26 9 460 673 1132 1076 70 394 66 157 
26 9 460 673 1132 1077 68 394 68 157 
26 9 460 673 1132 1078 68 394 68 157 
26 9 460 673 1132 1079 66 394 68 157 
26 9 460 673 1132 1080 66 394 68 157 
26 9 460 673 1132 1081 64 392 68 157 
26 9 460 673 1132 1082 63 392 66 157 
26 9 460 673 1132 1083 61 392 68 157 
26 9 460 673 1132 1084 59 392 68 157 
26 9 460 673 1132 1085 57 392 68 157 
26 9 460 673 1132 1086 55 392 68 157 
26 9 460 673 1132 1087 54 390 66 157 
26 9 460 673 1132 1088 52 390 68 157 
26 9 460 673 1132 1089 53 390 64 157 
26 9 460 673 1132 1090 50 390 68 157 
26 9 460 673 1132 1091 48 390 68 157 
26 9 460 673 1132 1092 47 390 66 157 
26 9 460 673 1132 1093 45 390 68 156 
26 9 460 673 1132 1094 43 390 68 156 
26 9 460 673 1132 1095 41 390 68 156 
26 9 460 673 1132 1096 39 390 68 156 
26 9 460 673 1132 1097 40 390 64 156 
26 9 460 673 1132 1098 39 390 64 156 
26 9 460 673 1132 1099 37 387 64 157 
26 9 460 673 1132 1100 34 387 68 157 
26 9 460 673 1132 1101 32 387 68 157 
26 9 460 673 1132 1102 31 387 66 157 
26 9 460 673 1132 1103 29 387 68 157 
26 9 460 673 1132 1104 27 387 68 157 
26 9 460 673 1132 1105 28 387 64 157 
26 9 460 673 1132 1106 26 385 64 157 
26 9 460 673 1132 1107 24 385 64 157 
26 9 460 673 1132 1108 23 385 64 157 
26 9 460 673 1132 1109 21 385 64 157 
26 9 460 673 1132 1110 18 385 68 157 
26 9 460 673 1132 1111 16 385 68 157 
26 9 460 673 1132 1112 15 383 66 157 
26 9 460 673 1132 1113 13 383 68 157 
26 9 460 673 1132 1114 14 383 64 157 
26 9 460 673 1132 1115 12 383 64 157 
26 9 460 673 1132 1116 10 383 64 157 
26 9 460 673 1132 1117 8 383 64 157 
26 9 460 673 1132 1118 7 381 64 157 
26 9 460 673 1132 1119 5 381 64 157 
26 9 460 673 1132 1120 2 381 68 157 
26 9 460 673 1132 1121 0 381 68 157 
26 9 460 673 1132 1122 1 381 64 157 
26 9 460 673 1132 1123 0 381 64 157 
26 9 460 673 1132 1124 0 380 62 157 
26 9 460 673 1132 1125 0 380 60 157 
26 9 460 673 1132 1126 0 380 58 157 
26 9 460 673 1132 1127 0 380 56 157 
26 9 460 673 1132 1128 0 380 55 157 
26 9 460 673 1132 1129 0 380 53 157 
26 9 460 673 1132 1130 0 380 53 157 
26 9 460 673 1132 1131 0 378 51 157 
26 9 460 673 1132 1132 0 378 51 157 
27 9 793 0 792 0 1074 198 56 105 
27 9 793 0 792 1 1069 198 60 105 
27 9 793 0 792 2 1067 198 60 105 
27 9 793 0 792 3 1064 198 62 105 
27 9 793 0 792 4 1064 198 60 105 
27 9 793 0 792 5 1059 198 64 105 
27 9 793 0 792 6 1057 198 64 105 
27 9 793 0 792 7 1056 198 64 105 
27 9 793 0 792 8 1054 198 64 105 
27 9 793 0 792 9 1052 198 64 105 
27 9 793 0 792 10 1047 198 68 105 
27 9 793 0 792 11 1046 198 66 105 
27 9 793 0 792 12 1044 198 68 105 
27 9 793 0 792 13 1042 198 68 105 
27 9 793 0 792 14 1038 198 70 105 
27 9 793 0 792 15 1036 198 70 105 
27 9 793 0 792 16 1034 198 72 105 
27 9 793 0 792 17 1032 198 72 105 
27 9 793 0 792 18 1030 198 72 105 
27 9 793 0 792 19 1026 198 74 105 
27 9 793 0 792 20 1024 198 74 105 
27 9 793 0 792 21 1022 198 76 105 
27 9 793 0 792 22 1021 198 74 105 
27 9 793 0 792 23 1016 198 78 105 
27 9 793 0 792 24 1014 198 78 105 
27 9 793 0 792 25 1012 198 80 105 
27 9 793 0 792 26 1011 198 78 105 
27 9 793 0 792 27 1009 198 78 105 
27 9 793 0 792 28 1004 198 82 105 
27 9 793 0 792 29 1004 198 80 105 
27 9 793 0 792 30 1001 198 82 105 
27 9 793 0 792 31 999 198 82 105 
27 9 793 0 792 32 994 198 86 105 
27 9 793 0 792 33 994 198 84 105 
27 9 793 0 792 34 991 198 86 105 
27 9 793 0 792 35 989 198 86 105 
27 9 793 0 792 36 986 200 90 105 
27 9 793 0 792 37 984 198 88 105 
27 9 793 0 792 38 982 198 88 105 
27 9 793 0 792 39 979 198 90 105 
27 9 793 0 792 40 977 198 90 105 
27 9 793 0 792 41 977 198 88 105 
27 9 793 0 792 42 975 198 88 105 
27 9 793 0 792 43 972 198 90 105 
27 9 793 0 792 44 970 198 90 105 
27 9 793 0 792 45 970 198 88 105 
27 9 793 0 792 46 968 199 88 102 
27 9 793 0 792 47 966 199 88 102 
27 9 793 0 792 48 963 199 90 102 
27 9 793 0 792 49 962 199 86 102 
27 9 793 0 792 50 962 199 84 102 
27 9 793 0 792 51 959 199 86 102 
27 9 793 0 792 52 957 199 86 102 
27 9 793 0 792 53 955 199 86 102 
27 9 793 0 792 54 955 199 84 102 
27 9 793 0 792 55 953 199 84 102 
27 9 793 0 792 56 950 199 86 99 
27 9 793 0 792 57 948 199 86 99 
27 9 793 0 792 58 946 199 86 99 
27 9 793 0 792 59 946 199 84 99 
27 9 793 0 792 60 943 199 86 99 
27 9 793 0 792 61 942 199 82 99 
27 9 793 0 792 62 940 199 82 99 
27 9 793 0 792 63 940 199 80 99 
27 9 793 0 792 64 937 199 82 99 
27 9 793 0 792 65 935 199 82 99 
27 9 793 0 792 66 933 200 82 96 
27 9 793 0 792 67 931 200 82 96 
27 9 793 0 792 68 930 200 82 96 
27 9 793 0 792 69 928 200 82 96 
27 9 793 0 792 70 926 200 82 96 
27 9 793 0 792 71 924 200 82 96 
27 9 793 0 792 72 924 200 80 96 
27 9 793 0 792 73 921 200 82 96 
27 9 793 0 792 74 920 200 78 96 
27 9 793 0 792 75 918 200 78 94 
27 9 793 0 792 76 916 200 80 94 
27 9 793 0 792 77 915 200 78 94 
27 9 793 0 792 78 913 200 78 94 
27 9 793 0 792 79 911 200 78 94 
27 9 793 0 792 80 908 200 80 94 
27 9 793 0 792 81 905 200 82 94 
27 9 793 0 792 82 903 200 82 94 
27 9 793 0 792 83 901 200 82 94 
27 9 793 0 792 84 899 200 82 94 
27 9 793 0 792 85 898 200 82 91 
27 9 793 0 792 86 897 200 78 91 
27 9 793 0 792 87 895 200 78 91 
27 9 793 0 792 88 893 200 78 91 
27 9 793 0 792 89 892 200 78 91 
27 9 793 0 792 90 890 200 78 91 
27 9 793 0 792 91 888 200 78 91 
27 9 793 0 792 92 886 200 78 91 
27 9 793 0 792 93 884 200 80 91 
27 9 793 0 792 94 883 200 78 91 
27 9 793 0 792 95 881 201 78 88 
27 9 793 0 792 96 879 201 78 88 
27 9 793 0 792 97 877 201 78 88 
27 9 793 0 792 98 876 201 78 88 
27 9 793 0 792 99 875 201 74 88 
27 9 793 0 792 100 873 201 74 88 
27 9 793 0 792 101 871 201 76 88 
27 9 793 0 792 102 869 201 76 88 
27 9 793 0 792 103 868 201 74 88 
27 9 793 0 792 104 866 201 74 85 
27 9 793 0 792 105 864 201 74 85 
27 9 793 0 792 106 862 201 76 85 
27 9 793 0 792 107 861 201 74 85 
27 9 793 0 792 108 859 201 74 85 
27 9 793 0 792 109 857 201 74 85 
27 9 793 0 792 110 855 201 76 85 
27 9 793 0 792 111 854 201 72 85 
27 9 793 0 792 112 853 201 70 85 
27 9 793 0 792 113 851 201 70 85 
27 9 793 0 792 114 849 202 72 84 
27 9 793 0 792 115 847 202 72 84 
27 9 793 0 792 116 846 202 70 84 
27 9 793 0 792 117 844 202 70 84 
27 9 793 0 792 118 842 202 72 84 
27 9 793 0 792 119 840 202 72 84 
27 9 793 0 792 120 838 202 72 84 
27 9 793 0 792 121 837 202 70 84 
27 9 793 0 792 122 835 202 70 84 
27 9 793 0 792 123 833 202 72 84 
27 9 793 0 792 124 831 201 72 82 
27 9 793 0 792 125 830 201 70 82 
27 9 793 0 792 126 828 201 70 82 
27 9 793 0 792 127 826 201 72 82 
27 9 793 0 792 128 824 201 72 82 
27 9 793 0 792 129 822 201 72 82 
27 9 793 0 792 130 821 201 70 82 
27 9 793 0 792 131 822 199 66 82 
27 9 793 0 792 132 820 199 68 82 
27 9 793 0 792 133 818 199 68 82 
27 9 793 0 792 134 816 199 68 82 
27 9 793 0 792 135 815 199 66 82 
27 9 793 0 792 136 813 199 68 82 
27 9 793 0 792 137 811 199 68 82 
27 9 793 0 792 138 812 199 64 82 
27 9 793 0 792 139 810 197 64 82 
27 9 793 0 792 140 808 197 64 82 
27 9 793 0 792 141 807 197 64 82 
27 9 793 0 792 142 805 197 64 82 
27 9 793 0 792 143 803 197 64 82 
27 9 793 0 792 144 801 197 64 82 
27 9 793 0 792 145 800 197 64 82 
27 9 793 0 792 146 801 195 60 82 
27 9 793 0 792 147 799 195 60 82 
27 9 793 0 792 148 797 195 60 82 
27 9 793 0 792 149 795 195 60 82 
27 9 793 0 792 150 792 195 62 82 
27 9 793 0 792 151 792 195 60 82 
27 9 793 0 792 152 790 195 60 82 
27 9 793 0 792 153 791 195 56 82 
27 9 793 0 792 154 788 195 58 82 
27 9 793 0 792 155 786 195 58 82 
27 9 793 0 792 156 786 195 56 82 
27 9 793 0 792 157 784 195 56 82 
27 9 793 0 792 158 782 195 56 82 
27 9 793 0 792 159 779 195 58 82 
27 9 793 0 792 160 777 195 58 82 
27 9 793 0 792 161 777 195 56 82 
27 9 793 0 792 162 775 195 56 82 
27 9 793 0 792 163 775 195 56 82 
27 9 793 0 792 164 772 195 58 82 
27 9 793 0 792 165 770 195 58 82 
27 9 793 0 792 166 770 195 56 82 
27 9 793 0 792 167 768 195 56 82 
27 9 793 0 792 168 766 195 56 82 
27 9 793 0 792 169 763 195 58 82 
27 9 793 0 792 170 761 195 58 82 
27 9 793 0 792 171 761 195 56 82 
27 9 793 0 792 172 761 195 56 82 
27 9 793 0 792 173 759 195 56 82 
27 9 793 0 792 174 756 195 58 82 
27 9 793 0 792 175 754 195 58 82 
27 9 793 0 792 176 754 195 56 82 
27 9 793 0 792 177 752 195 56 82 
27 9 793 0 792 178 750 195 56 82 
27 9 793 0 792 179 747 195 58 82 
27 9 793 0 792 180 745 195 58 82 
27 9 793 0 792 181 745 195 56 82 
27 9 793 0 792 182 745 195 56 82 
27 9 793 0 792 183 743 195 56 82 
27 9 793 0 792 184 740 195 58 82 
27 9 793 0 792 185 738 195 58 82 
27 9 793 0 792 186 738 195 56 82 
27 9 793 0 792 187 736 195 56 82 
27 9 793 0 792 188 734 195 56 82 
27 9 793 0 792 189 731 195 58 82 
27 9 793 0 792 190 729 195 58 82 
27 9 793 0 792 191 729 195 58 82 
27 9 793 0 792 192 729 195 56 82 
27 9 793 0 792 193 727 195 56 82 
27 9 793 0 792 194 724 195 58 82 
27 9 793 0 792 195 722 195 58 82 
27 9 793 0 792 196 722 195 56 82 
27 9 793 0 792 197 720 195 56 82 
27 9 793 0 792 198 718 195 56 82 
27 9 793 0 792 199 715 195 58 82 
27 9 793 0 792 200 713 195 58 82 
27 9 793 0 792 201 713 195 58 82 
27 9 793 0 792 202 713 195 56 82 
27 9 793 0 792 203 711 195 56 82 
27 9 793 0 792 204 708 195 58 82 
27 9 793 0 792 205 706 195 58 82 
27 9 793 0 792 206 706 195 56 82 
27 9 793 0 792 207 704 195 56 82 
27 9 793 0 792 208 702 195 56 82 
27 9 793 0 792 209 699 195 58 82 
27 9 793 0 792 210 699 197 58 82 
27 9 793 0 792 211 697 197 58 82 
27 9 793 0 792 212 697 197 56 82 
27 9 793 0 792 213 695 197 56 82 
27 9 793 0 792 214 692 197 58 82 
27 9 793 0 792 215 690 197 58 82 
27 9 793 0 792 216 690 197 56 82 
27 9 793 0 792 217 688 197 56 82 
27 9 793 0 792 218 686 197 56 82 
27 9 793 0 792 219 683 197 58 82 
27 9 793 0 792 220 683 197 58 82 
27 9 793 0 792 221 681 197 58 82 
27 9 793 0 792 222 681 197 56 82 
27 9 793 0 792 223 679 197 56 82 
27 9 793 0 792 224 676 197 58 82 
27 9 793 0 792 225 674 197 58 82 
27 9 793 0 792 226 674 197 56 82 
27 9 793 0 792 227 672 197 56 82 
27 9 793 0 792 228 670 197 56 82 
27 9 793 0 792 229 670 197 56 82 
27 9 793 0 792 230 667 197 58 82 
27 9 793 0 792 231 665 197 58 82 
27 9 793 0 792 232 665 197 56 82 
27 9 793 0 792 233 663 197 56 82 
27 9 793 0 792 234 660 197 58 82 
27 9 793 0 792 235 658 197 58 82 
27 9 793 0 792 236 658 197 56 82 
27 9 793 0 792 237 656 197 56 82 
27 9 793 0 792 238 654 197 56 82 
27 9 793 0 792 239 654 197 56 82 
27 9 793 0 792 240 651 197 58 82 
27 9 793 0 792 241 649 197 58 82 
27 9 793 0 792 242 649 197 56 82 
27 9 793 0 792 243 647 197 56 82 
27 9 793 0 792 244 644 197 58 82 
27 9 793 0 792 245 642 197 58 82 
27 9 793 0 792 246 642 197 56 82 
27 9 793 0 792 247 640 197 56 82 
27 9 793 0 792 248 640 197 56 82 
27 9 793 0 792 249 638 197 56 82 
27 9 793 0 792 250 635 197 58 82 
27 9 793 0 792 251 633 197 58 82 
27 9 793 0 792 252 633 197 56 82 
27 9 793 0 792 253 631 197 56 82 
27 9 793 0 792 254 628 197 58 82 
27 9 793 0 792 255 626 197 58 82 
27 9 793 0 792 256 626 197 56 82 
27 9 793 0 792 257 624 197 56 82 
27 9 793 0 792 258 624 197 56 82 
27 9 793 0 792 259 622 197 56 82 
27 9 793 0 792 260 619 197 58 82 
27 9 793 0 792 261 617 197 58 82 
27 9 793 0 792 262 617 197 56 82 
27 9 793 0 792 263 615 197 56 82 
27 9 793 0 792 264 612 197 58 82 
27 9 793 0 792 265 610 197 58 82 
27 9 793 0 792 266 610 197 56 82 
27 9 793 0 792 267 610 199 56 82 
27 9 793 0 792 268 608 199 56 82 
27 9 793 0 792 269 606 199 56 82 
27 9 793 0 792 270 603 199 58 82 
27 9 793 0 792 271 601 199 58 82 
27 9 793 0 792 272 601 199 56 82 
27 9 793 0 792 273 599 199 56 82 
27 9 793 0 792 274 596 199 58 82 
27 9 793 0 792 275 594 199 58 82 
27 9 793 0 792 276 594 199 56 82 
27 9 793 0 792 277 592 199 56 82 
27 9 793 0 792 278 590 199 56 82 
27 9 793 0 792 279 587 199 58 82 
27 9 793 0 792 280 585 199 58 82 
27 9 793 0 792 281 585 199 56 82 
27 9 793 0 792 282 583 199 56 82 
27 9 793 0 792 283 580 199 58 82 
27 9 793 0 792 284 578 199 58 82 
27 9 793 0 792 285 578 199 56 82 
27 9 793 0 792 286 576 199 56 82 
27 9 793 0 792 287 574 199 56 82 
27 9 793 0 792 288 571 199 58 82 
27 9 793 0 792 289 569 199 58 82 
27 9 793 0 792 290 569 199 56 82 
27 9 793 0 792 291 567 199 56 82 
27 9 793 0 792 292 564 199 58 82 
27 9 793 0 792 293 562 199 58 82 
27 9 793 0 792 294 562 199 56 82 
27 9 793 0 792 295 560 199 56 82 
27 9 793 0 792 296 558 199 56 82 
27 9 793 0 792 297 555 199 58 82 
27 9 793 0 792 298 553 199 58 82 
27 9 793 0 792 299 553 199 56 82 
27 9 793 0 792 300 551 199 56 82 
27 9 793 0 792 301 548 199 58 82 
27 9 793 0 792 302 546 199 58 82 
27 9 793 0 792 303 546 199 56 82 
27 9 793 0 792 304 544 199 56 82 
27 9 793 0 792 305 542 199 56 82 
27 9 793 0 792 306 539 199 58 82 
27 9 793 0 792 307 537 199 58 82 
27 9 793 0 792 308 537 199 56 82 
27 9 793 0 792 309 538 199 52 82 
27 9 793 0 792 310 535 199 54 82 
27 9 793 0 792 311 533 201 54 79 
27 9 793 0 792 312 531 201 54 79 
27 9 793 0 792 313 530 201 56 79 
27 9 793 0 792 314 528 201 56 79 
27 9 793 0 792 315 526 201 56 79 
27 9 793 0 792 316 523 201 58 79 
27 9 793 0 792 317 521 201 58 79 
27 9 793 0 792 318 522 201 54 79 
27 9 793 0 792 319 522 201 52 79 
27 9 793 0 792 320 519 201 54 79 
27 9 793 0 792 321 517 203 54 78 
27 9 793 0 792 322 515 203 54 78 
27 9 793 0 792 323 515 203 52 78 
27 9 793 0 792 324 513 203 52 78 
27 9 793 0 792 325 510 203 54 78 
27 9 793 0 792 326 507 203 58 78 
27 9 793 0 792 327 508 203 54 78 
27 9 793 0 792 328 506 203 54 78 
27 9 793 0 792 329 506 203 52 78 
27 9 793 0 792 330 503 203 54 78 
27 9 793 0 792 331 501 203 54 78 
27 9 793 0 792 332 499 205 54 75 
27 9 793 0 792 333 499 205 52 75 
27 9 793 0 792 334 497 205 52 75 
27 9 793 0 792 335 494 205 54 75 
27 9 793 0 792 336 495 205 50 75 
27 9 793 0 792 337 493 205 50 75 
27 9 793 0 792 338 490 205 54 75 
27 9 793 0 792 339 490 205 52 75 
27 9 793 0 792 340 487 205 54 75 
27 9 793 0 792 341 485 205 54 75 
27 9 793 0 792 342 483 208 54 72 
27 9 793 0 792 343 483 208 52 72 
27 9 793 0 792 344 481 208 52 72 
27 9 793 0 792 345 481 208 50 72 
27 9 793 0 792 346 479 208 50 72 
27 9 793 0 792 347 477 208 50 72 
27 9 793 0 792 348 475 208 50 72 
27 9 793 0 792 349 474 208 50 72 
27 9 793 0 792 350 472 208 50 72 
27 9 793 0 792 351 469 208 54 72 
27 9 793 0 792 352 467 208 54 72 
27 9 793 0 792 353 467 210 52 69 
27 9 793 0 792 354 468 210 48 69 
27 9 793 0 792 355 465 210 50 69 
27 9 793 0 792 356 463 210 50 69 
27 9 793 0 792 357 461 210 50 69 
27 9 793 0 792 358 459 210 50 69 
27 9 793 0 792 359 458 210 50 69 
27 9 793 0 792 360 456 210 50 69 
27 9 793 0 792 361 454 210 50 69 
27 9 793 0 792 362 452 210 50 69 
27 9 793 0 792 363 452 212 50 69 
27 9 793 0 792 364 452 212 48 69 
27 9 793 0 792 365 449 212 50 69 
27 9 793 0 792 366 449 212 50 69 
27 9 793 0 792 367 447 212 50 69 
27 9 793 0 792 368 445 212 50 69 
27 9 793 0 792 369 445 212 50 69 
27 9 793 0 792 370 443 212 50 69 
27 9 793 0 792 371 443 212 50 69 
27 9 793 0 792 372 442 212 50 69 
27 9 793 0 792 373 440 212 50 72 
27 9 793 0 792 374 440 212 50 72 
27 9 793 0 792 375 438 212 50 72 
27 9 793 0 792 376 436 213 50 70 
27 9 793 0 792 377 436 213 50 70 
27 9 793 0 792 378 436 213 48 70 
27 9 793 0 792 379 436 213 48 70 
27 9 793 0 792 380 433 213 50 70 
27 9 793 0 792 381 431 213 50 70 
27 9 793 0 792 382 431 213 50 70 
27 9 793 0 792 383 429 213 50 72 
27 9 793 0 792 384 427 213 50 72 
27 9 793 0 792 385 427 213 50 72 
27 9 793 0 792 386 426 213 50 72 
27 9 793 0 792 387 426 213 50 72 
27 9 793 0 792 388 424 215 50 69 
27 9 793 0 792 389 422 215 50 69 
27 9 793 0 792 390 422 215 50 69 
27 9 793 0 792 391 420 215 50 69 
27 9 793 0 792 392 420 215 50 69 
27 9 793 0 792 393 420 215 48 72 
27 9 793 0 792 394 417 215 50 72 
27 9 793 0 792 395 417 215 50 72 
27 9 793 0 792 396 415 215 50 72 
27 9 793 0 792 397 413 215 50 72 
27 9 793 0 792 398 413 215 50 72 
27 9 793 0 792 399 411 215 50 72 
27 9 793 0 792 400 411 215 50 72 
27 9 793 0 792 401 410 217 50 69 
27 9 793 0 792 402 408 217 50 69 
27 9 793 0 792 403 408 217 50 72 
27 9 793 0 792 404 406 217 50 72 
27 9 793 0 792 405 404 217 50 72 
27 9 793 0 792 406 404 217 50 72 
27 9 793 0 792 407 404 217 48 72 
27 9 793 0 792 408 404 217 48 72 
27 9 793 0 792 409 401 217 50 72 
27 9 793 0 792 410 399 217 50 72 
27 9 793 0 792 411 399 217 50 72 
27 9 793 0 792 412 397 217 50 72 
27 9 793 0 792 413 397 219 50 72 
27 9 793 0 792 414 397 219 50 72 
27 9 793 0 792 415 397 219 50 72 
27 9 793 0 792 416 397 219 50 72 
27 9 793 0 792 417 397 219 50 72 
27 9 793 0 792 418 397 219 50 72 
27 9 793 0 792 419 395 219 50 72 
27 9 793 0 792 420 394 219 50 72 
27 9 793 0 792 421 394 219 50 72 
27 9 793 0 792 422 392 220 50 72 
27 9 793 0 792 423 390 220 50 72 
27 9 793 0 792 424 390 220 50 72 
27 9 793 0 792 425 388 219 50 75 
27 9 793 0 792 426 388 222 48 72 
27 9 793 0 792 427 388 222 48 72 
27 9 793 0 792 428 385 221 50 75 
27 9 793 0 792 429 383 221 50 75 
27 9 793 0 792 430 383 224 50 72 
27 9 793 0 792 431 381 223 50 75 
27 9 793 0 792 432 379 223 50 75 
27 9 793 0 792 433 379 223 50 75 
27 9 793 0 792 434 378 225 50 75 
27 9 793 0 792 435 378 225 50 75 
27 9 793 0 792 436 376 225 50 75 
27 9 793 0 792 437 374 225 50 76 
27 9 793 0 792 438 374 227 50 73 
27 9 793 0 792 439 372 227 50 73 
27 9 793 0 792 440 372 227 48 73 
27 9 793 0 792 441 372 227 48 76 
27 9 793 0 792 442 369 228 50 75 
27 9 793 0 792 443 367 228 50 75 
27 9 793 0 792 444 367 228 50 78 
27 9 793 0 792 445 365 228 50 78 
27 9 793 0 792 446 363 230 50 75 
27 9 793 0 792 447 363 230 50 78 
27 9 793 0 792 448 362 230 50 78 
27 9 793 0 792 449 360 230 50 78 
27 9 793 0 792 450 360 232 50 76 
27 9 793 0 792 451 358 232 50 76 
27 9 793 0 792 452 358 232 50 76 
27 9 793 0 792 453 356 231 50 79 
27 9 793 0 792 454 356 234 48 76 
27 9 793 0 792 455 356 234 48 76 
27 9 793 0 792 456 353 233 50 79 
27 9 793 0 792 457 351 233 50 79 
27 9 793 0 792 458 351 235 50 78 
27 9 793 0 792 459 349 235 50 78 
27 9 793 0 792 460 347 234 50 81 
27 9 793 0 792 461 347 234 50 81 
27 9 793 0 792 462 346 237 50 78 
27 9 793 0 792 463 344 236 50 81 
27 9 793 0 792 464 344 236 50 81 
27 9 793 0 792 465 342 239 50 78 
27 9 793 0 792 466 340 238 50 79 
27 9 793 0 792 467 340 238 50 79 
27 9 793 0 792 468 340 238 48 79 
27 9 793 0 792 469 340 240 48 79 
27 9 793 0 792 470 337 240 50 79 
27 9 793 0 792 471 335 240 50 79 
27 9 793 0 792 472 335 240 50 82 
27 9 793 0 792 473 333 242 50 79 
27 9 793 0 792 474 331 242 50 79 
27 9 793 0 792 475 331 242 50 82 
27 9 793 0 792 476 330 242 50 82 
27 9 793 0 792 477 328 243 50 81 
27 9 793 0 792 478 328 243 50 81 
27 9 793 0 792 479 326 243 50 82 
27 9 793 0 792 480 324 243 50 82 
27 9 793 0 792 481 324 245 50 79 
27 9 793 0 792 482 324 245 48 82 
27 9 793 0 792 483 321 245 50 82 
27 9 793 0 792 484 321 245 50 82 
27 9 793 0 792 485 319 247 50 82 
27 9 793 0 792 486 319 247 50 82 
27 9 793 0 792 487 317 247 50 82 
27 9 793 0 792 488 315 246 50 85 
27 9 793 0 792 489 315 249 50 82 
27 9 793 0 792 490 314 249 50 82 
27 9 793 0 792 491 312 248 50 85 
27 9 793 0 792 492 312 248 50 85 
27 9 793 0 792 493 310 250 50 84 
27 9 793 0 792 494 308 249 50 85 
27 9 793 0 792 495 308 249 50 85 
27 9 793 0 792 496 308 249 48 85 
27 9 793 0 792 497 305 252 50 82 
27 9 793 0 792 498 305 251 50 85 
27 9 793 0 792 499 303 251 50 85 
27 9 793 0 792 500 301 251 50 85 
27 9 793 0 792 501 301 253 50 85 
27 9 793 0 792 502 299 253 50 85 
27 9 793 0 792 503 299 253 50 85 
27 9 793 0 792 504 298 253 50 88 
27 9 793 0 792 505 296 255 50 85 
27 9 793 0 792 506 296 255 50 85 
27 9 793 0 792 507 294 255 50 87 
27 9 793 0 792 508 292 258 50 84 
27 9 793 0 792 509 292 258 50 84 
27 9 793 0 792 510 292 257 48 87 
27 9 793 0 792 511 289 257 50 87 
27 9 793 0 792 512 289 258 50 85 
27 9 793 0 792 513 287 258 50 88 
27 9 793 0 792 514 285 258 50 88 
27 9 793 0 792 515 285 258 50 88 
27 9 793 0 792 516 283 260 50 85 
27 9 793 0 792 517 282 260 50 88 
27 9 793 0 792 518 282 260 50 88 
27 9 793 0 792 519 280 260 50 88 
27 9 793 0 792 520 280 262 50 88 
27 9 793 0 792 521 278 262 50 88 
27 9 793 0 792 522 276 262 50 88 
27 9 793 0 792 523 276 262 50 90 
27 9 793 0 792 524 276 264 48 87 
27 9 793 0 792 525 273 264 50 87 
27 9 793 0 792 526 273 264 50 90 
27 9 793 0 792 527 271 264 50 90 
27 9 793 0 792 528 269 265 50 88 
27 9 793 0 792 529 269 264 50 91 
27 9 793 0 792 530 267 264 50 91 
27 9 793 0 792 531 266 264 50 91 
27 9 793 0 792 532 266 266 50 91 
27 9 793 0 792 533 264 266 50 91 
27 9 793 0 792 534 262 266 50 91 
27 9 793 0 792 535 262 266 50 91 
27 9 793 0 792 536 260 269 50 90 
27 9 793 0 792 537 260 269 50 90 
27 9 793 0 792 538 260 269 48 90 
27 9 793 0 792 539 257 268 50 93 
27 9 793 0 792 540 257 271 50 90 
27 9 793 0 792 541 255 271 50 90 
27 9 793 0 792 542 253 270 50 93 
27 9 793 0 792 543 253 270 50 93 
27 9 793 0 792 544 251 273 50 90 
27 9 793 0 792 545 250 272 50 93 
27 9 793 0 792 546 250 272 50 93 
27 9 793 0 792 547 248 272 50 93 
27 9 793 0 792 548 246 273 50 94 
27 9 793 0 792 549 246 273 50 94 
27 9 793 0 792 550 244 273 50 94 
27 9 793 0 792 551 244 275 50 93 
27 9 793 0 792 552 244 275 48 93 
27 9 793 0 792 553 241 275 50 93 
27 9 793 0 792 554 241 275 50 93 
27 9 793 0 792 555 239 275 50 93 
27 9 793 0 792 556 237 275 50 93 
27 9 793 0 792 557 237 275 50 93 
27 9 793 0 792 558 235 275 50 93 
27 9 793 0 792 559 234 277 50 93 
27 9 793 0 792 560 234 277 50 93 
27 9 793 0 792 561 232 277 50 93 
27 9 793 0 792 562 230 277 50 93 
27 9 793 0 792 563 230 277 50 93 
27 9 793 0 792 564 228 277 50 93 
27 9 793 0 792 565 228 277 48 93 
27 9 793 0 792 566 228 279 48 93 
27 9 793 0 792 567 225 279 50 93 
27 9 793 0 792 568 223 279 50 93 
27 9 793 0 792 569 223 279 50 93 
27 9 793 0 792 570 221 279 50 93 
27 9 793 0 792 571 219 279 50 93 
27 9 793 0 792 572 219 279 50 93 
27 9 793 0 792 573 218 279 50 93 
27 9 793 0 792 574 216 280 50 94 
27 9 793 0 792 575 216 280 50 94 
27 9 793 0 792 576 214 280 50 94 
27 9 793 0 792 577 212 280 50 94 
27 9 793 0 792 578 212 280 50 94 
27 9 793 0 792 579 212 280 48 94 
27 9 793 0 792 580 209 280 50 94 
27 9 793 0 792 581 209 282 50 93 
27 9 793 0 792 582 207 282 50 93 
27 9 793 0 792 583 207 282 50 93 
27 9 793 0 792 584 205 282 50 96 
27 9 793 0 792 585 205 282 50 96 
27 9 793 0 792 586 205 282 50 96 
27 9 793 0 792 587 203 281 50 99 
27 9 793 0 792 588 203 284 50 96 
27 9 793 0 792 589 203 284 50 96 
27 9 793 0 792 590 202 283 50 99 
27 9 793 0 792 591 202 283 50 99 
27 9 793 0 792 592 200 283 50 102 
27 9 793 0 792 593 200 283 50 102 
27 9 793 0 792 594 200 285 50 99 
27 9 793 0 792 595 198 285 50 100 
27 9 793 0 792 596 198 285 50 100 
27 9 793 0 792 597 198 285 50 100 
27 9 793 0 792 598 196 284 50 103 
27 9 793 0 792 599 196 284 50 103 
27 9 793 0 792 600 196 286 50 103 
27 9 793 0 792 601 196 286 48 103 
27 9 793 0 792 602 193 286 52 103 
27 9 793 0 792 603 193 286 52 103 
27 9 793 0 792 604 190 286 56 103 
27 9 793 0 792 605 190 286 56 106 
27 9 793 0 792 606 187 286 58 106 
27 9 793 0 792 607 184 286 62 106 
27 9 793 0 792 608 184 286 62 106 
27 9 793 0 792 609 183 286 64 106 
27 9 793 0 792 610 183 287 64 106 
27 9 793 0 792 611 181 287 64 106 
27 9 793 0 792 612 181 286 64 109 
27 9 793 0 792 613 181 289 64 106 
27 9 793 0 792 614 179 288 64 109 
27 9 793 0 792 615 179 288 64 109 
27 9 793 0 792 616 179 290 64 109 
27 9 793 0 792 617 177 290 64 109 
27 9 793 0 792 618 177 290 64 112 
27 9 793 0 792 619 177 292 64 109 
27 9 793 0 792 620 177 292 64 111 
27 9 793 0 792 621 176 292 64 114 
27 9 793 0 792 622 176 293 64 112 
27 9 793 0 792 623 176 292 64 115 
27 9 793 0 792 624 174 292 64 115 
27 9 793 0 792 625 174 294 64 115 
27 9 793 0 792 626 174 294 64 115 
27 9 793 0 792 627 172 294 64 117 
27 9 793 0 792 628 172 297 64 114 
27 9 793 0 792 629 172 296 64 117 
27 9 793 0 792 630 172 298 64 117 
27 9 793 0 792 631 170 298 64 117 
27 9 793 0 792 632 168 298 64 117 
27 9 793 0 792 633 168 298 64 117 
27 9 793 0 792 634 167 298 64 117 
27 9 793 0 792 635 167 298 64 117 
27 9 793 0 792 636 165 298 64 117 
27 9 793 0 792 637 163 298 64 117 
27 9 793 0 792 638 163 298 64 117 
27 9 793 0 792 639 161 298 64 117 
27 9 793 0 792 640 161 300 64 117 
27 9 793 0 792 641 160 300 64 117 
27 9 793 0 792 642 158 300 64 117 
27 9 793 0 792 643 156 300 64 117 
27 9 793 0 792 644 156 300 64 117 
27 9 793 0 792 645 154 300 64 117 
27 9 793 0 792 646 152 300 64 117 
27 9 793 0 792 647 152 300 64 117 
27 9 793 0 792 648 151 300 64 117 
27 9 793 0 792 649 149 300 64 117 
27 9 793 0 792 650 149 301 64 118 
27 9 793 0 792 651 147 301 64 118 
27 9 793 0 792 652 145 301 64 120 
27 9 793 0 792 653 144 301 64 120 
27 9 793 0 792 654 142 300 64 123 
27 9 793 0 792 655 142 302 64 123 
27 9 793 0 792 656 140 302 64 123 
27 9 793 0 792 657 138 302 64 126 
27 9 793 0 792 658 136 302 64 126 
27 9 793 0 792 659 135 301 64 127 
27 9 793 0 792 660 135 303 64 127 
27 9 793 0 792 661 133 303 64 127 
27 9 793 0 792 662 131 303 64 127 
27 9 793 0 792 663 129 305 64 127 
27 9 793 0 792 664 128 305 64 127 
27 9 793 0 792 665 128 306 64 129 
27 9 793 0 792 666 126 306 64 129 
27 9 793 0 792 667 124 306 64 129 
27 9 793 0 792 668 122 308 64 129 
27 9 793 0 792 669 120 308 64 129 
27 9 793 0 792 670 120 310 64 127 
27 9 793 0 792 671 119 310 64 127 
27 9 793 0 792 672 119 310 64 127 
27 9 793 0 792 673 117 310 64 127 
27 9 793 0 792 674 117 310 64 127 
27 9 793 0 792 675 117 310 64 127 
27 9 793 0 792 676 115 310 64 127 
27 9 793 0 792 677 115 310 64 127 
27 9 793 0 792 678 113 310 64 127 
27 9 793 0 792 679 113 310 64 127 
27 9 793 0 792 680 113 310 64 127 
27 9 793 0 792 681 112 310 64 127 
27 9 793 0 792 682 112 310 64 127 
27 9 793 0 792 683 110 310 64 127 
27 9 793 0 792 684 110 310 64 127 
27 9 793 0 792 685 110 310 64 127 
27 9 793 0 792 686 108 310 64 127 
27 9 793 0 792 687 108 310 64 127 
27 9 793 0 792 688 106 310 64 127 
27 9 793 0 792 689 106 310 64 127 
27 9 793 0 792 690 106 310 64 127 
27 9 793 0 792 691 104 310 64 127 
27 9 793 0 792 692 103 310 64 127 
27 9 793 0 792 693 103 312 64 127 
27 9 793 0 792 694 101 312 64 127 
27 9 793 0 792 695 101 314 64 127 
27 9 793 0 792 696 99 314 64 127 
27 9 793 0 792 697 97 314 64 127 
27 9 793 0 792 698 97 315 64 129 
27 9 793 0 792 699 96 315 64 129 
27 9 793 0 792 700 96 317 64 127 
27 9 793 0 792 701 94 317 64 127 
27 9 793 0 792 702 92 317 64 130 
27 9 793 0 792 703 92 317 64 130 
27 9 793 0 792 704 90 316 64 133 
27 9 793 0 792 705 90 316 64 133 
27 9 793 0 792 706 88 316 64 136 
27 9 793 0 792 707 87 316 64 136 
27 9 793 0 792 708 87 315 64 139 
27 9 793 0 792 709 85 315 64 139 
27 9 793 0 792 710 85 318 64 138 
27 9 793 0 792 711 83 318 64 138 
27 9 793 0 792 712 83 320 64 138 
27 9 793 0 792 713 81 320 64 138 
27 9 793 0 792 714 81 320 64 139 
27 9 793 0 792 715 81 320 64 139 
27 9 793 0 792 716 80 322 64 139 
27 9 793 0 792 717 80 322 64 139 
27 9 793 0 792 718 78 325 64 138 
27 9 793 0 792 719 78 325 64 138 
27 9 793 0 792 720 78 327 64 138 
27 9 793 0 792 721 76 327 64 138 
27 9 793 0 792 722 76 329 64 138 
27 9 793 0 792 723 74 329 64 138 
27 9 793 0 792 724 74 329 64 139 
27 9 793 0 792 725 74 329 64 139 
27 9 793 0 792 726 72 331 64 139 
27 9 793 0 792 727 72 331 64 139 
27 9 793 0 792 728 71 334 64 138 
27 9 793 0 792 729 71 334 64 138 
27 9 793 0 792 730 71 336 64 138 
27 9 793 0 792 731 69 336 64 138 
27 9 793 0 792 732 69 336 64 138 
27 9 793 0 792 733 67 336 64 138 
27 9 793 0 792 734 67 336 64 138 
27 9 793 0 792 735 67 336 64 139 
27 9 793 0 792 736 65 336 64 139 
27 9 793 0 792 737 65 336 64 139 
27 9 793 0 792 738 64 336 64 139 
27 9 793 0 792 739 64 336 64 139 
27 9 793 0 792 740 64 338 64 139 
27 9 793 0 792 741 62 338 64 139 
27 9 793 0 792 742 60 338 64 139 
27 9 793 0 792 743 58 338 64 139 
27 9 793 0 792 744 56 338 64 139 
27 9 793 0 792 745 55 341 64 138 
27 9 793 0 792 746 53 341 64 138 
27 9 793 0 792 747 51 341 64 138 
27 9 793 0 792 748 49 341 64 138 
27 9 793 0 792 749 48 341 64 138 
27 9 793 0 792 750 46 343 64 138 
27 9 793 0 792 751 44 343 64 138 
27 9 793 0 792 752 44 345 64 138 
27 9 793 0 792 753 42 345 64 139 
27 9 793 0 792 754 42 345 64 139 
27 9 793 0 792 755 40 347 64 139 
27 9 793 0 792 756 40 350 64 138 
27 9 793 0 792 757 39 350 64 138 
27 9 793 0 792 758 39 352 64 138 
27 9 793 0 792 759 37 352 64 139 
27 9 793 0 792 760 37 354 64 139 
27 9 793 0 792 761 31 354 72 139 
27 9 793 0 792 762 29 354 74 139 
27 9 793 0 792 763 26 354 78 139 
27 9 793 0 792 764 23 354 82 139 
27 9 793 0 792 765 20 354 86 139 
27 9 793 0 792 766 16 354 92 139 
27 9 793 0 792 767 13 354 96 139 
27 9 793 0 792 768 10 354 100 139 
27 9 793 0 792 769 7 354 104 139 
27 9 793 0 792 770 5 354 106 139 
27 9 793 0 792 771 7 354 82 139 
27 9 793 0 792 772 8 354 62 139 
27 9 793 0 792 773 4 354 68 139 
27 9 793 0 792 774 0 354 74 139 
27 9 793 0 792 775 0 354 74 139 
27 9 793 0 792 776 0 354 76 139 
27 9 793 0 792 777 0 354 78 139 
27 9 793 0 792 778 0 354 79 139 
27 9 793 0 792 779 0 354 81 139 
27 9 793 0 792 780 0 354 82 139 
27 9 793 0 792 781 0 354 63 139 
27 9 793 0 792 782 0 354 48 139 
27 9 793 0 792 783 0 354 48 139 
27 9 793 0 792 784 0 354 49 139 
27 9 793 0 792 785 0 354 49 139 
27 9 793 0 792 786 0 354 52 139 
27 9 793 0 792 787 0 354 55 139 
27 9 793 0 792 788 0 354 55 139 
27 9 793 0 792 789 0 354 58 139 
27 9 793 0 792 790 0 357 60 138 
27 9 793 0 792 791 0 357 48 138 
27 9 793 0 792 792 0 357 36 138 
29 11 100 786 885 786 828 179 87 94 
29 11 100 786 885 787 828 179 87 94 
29 11 100 786 885 788 828 179 87 94 
29 11 100 786 885 789 828 179 87 94 
29 11 100 786 885 790 828 179 87 94 
29 11 100 786 885 791 828 179 87 94 
29 11 100 786 885 792 828 179 87 94 
29 11 100 786 885 793 828 179 87 94 
29 11 100 786 885 794 828 179 87 94 
29 11 100 786 885 795 828 179 87 94 
29 11 100 786 885 796 828 179 87 94 
29 11 100 786 885 797 828 179 87 94 
29 11 100 786 885 798 828 179 87 94 
29 11 100 786 885 799 828 179 87 94 
29 11 100 786 885 800 828 179 87 94 
29 11 100 786 885 801 828 179 87 94 
29 11 100 786 885 802 828 179 87 94 
29 11 100 786 885 803 828 179 87 94 
29 11 100 786 885 804 828 179 87 94 
29 11 100 786 885 805 828 179 87 94 
29 11 100 786 885 806 828 179 87 94 
29 11 100 786 885 807 828 179 87 94 
29 11 100 786 885 808 828 179 87 94 
29 11 100 786 885 809 828 179 87 94 
29 11 100 786 885 810 828 179 87 94 
29 11 100 786 885 811 828 179 87 94 
29 11 100 786 885 812 828 179 87 94 
29 11 100 786 885 813 828 179 87 94 
29 11 100 786 885 814 828 179 87 94 
29 11 100 786 885 815 828 179 87 94 
29 11 100 786 885 816 828 179 87 94 
29 11 100 786 885 817 828 179 87 94 
29 11 100 786 885 818 828 179 87 94 
29 11 100 786 885 819 828 179 87 94 
29 11 100 786 885 820 828 179 87 94 
29 11 100 786 885 821 828 179 87 94 
29 11 100 786 885 822 828 179 87 94 
29 11 100 786 885 823 828 179 87 94 
29 11 100 786 885 824 828 179 87 94 
29 11 100 786 885 825 828 179 87 94 
29 11 100 786 885 826 828 179 87 94 
29 11 100 786 885 827 828 179 87 94 
29 11 100 786 885 828 828 179 87 94 
29 11 100 786 885 829 828 179 87 94 
29 11 100 786 885 830 828 179 87 94 
29 11 100 786 885 831 828 179 87 94 
29 11 100 786 885 832 828 179 87 94 
29 11 100 786 885 833 828 179 87 94 
29 11 100 786 885 834 828 179 87 94 
29 11 100 786 885 835 828 179 87 94 
29 11 100 786 885 836 828 179 87 94 
29 11 100 786 885 837 828 179 87 94 
29 11 100 786 885 838 828 179 87 94 
29 11 100 786 885 839 828 179 87 94 
29 11 100 786 885 840 828 179 87 94 
29 11 100 786 885 841 828 179 87 94 
29 11 100 786 885 842 828 179 87 94 
29 11 100 786 885 843 828 179 87 94 
29 11 100 786 885 844 828 179 87 94 
29 11 100 786 885 845 828 179 87 94 
29 11 100 786 885 846 828 179 87 94 
29 11 100 786 885 847 828 179 87 94 
29 11 100 786 885 848 828 179 87 94 
29 11 100 786 885 849 828 179 87 94 
29 11 100 786 885 850 828 179 87 94 
29 11 100 786 885 851 828 179 87 94 
29 11 100 786 885 852 828 179 87 94 
29 11 100 786 885 853 828 179 87 94 
29 11 100 786 885 854 828 179 87 94 
29 11 100 786 885 855 828 179 87 94 
29 11 100 786 885 856 828 179 87 94 
29 11 100 786 885 857 828 179 87 94 
29 11 100 786 885 858 828 179 87 94 
29 11 100 786 885 859 828 179 87 94 
29 11 100 786 885 860 828 179 87 94 
29 11 100 786 885 861 828 179 87 94 
29 11 100 786 885 862 828 179 87 94 
29 11 100 786 885 863 828 179 87 94 
29 11 100 786 885 864 828 179 87 94 
29 11 100 786 885 865 828 179 87 94 
29 11 100 786 885 866 828 179 87 94 
29 11 100 786 885 867 828 179 87 94 
29 11 100 786 885 868 828 179 87 94 
29 11 100 786 885 869 828 179 87 94 
29 11 100 786 885 870 828 179 87 94 
29 11 100 786 885 871 828 179 87 94 
29 11 100 786 885 872 828 179 87 94 
29 11 100 786 885 873 828 179 87 94 
29 11 100 786 885 874 828 179 87 94 
29 11 100 786 885 875 828 179 87 94 
29 11 100 786 885 876 828 179 87 94 
29 11 100 786 885 877 828 179 87 94 
29 11 100 786 885 878 828 179 87 94 
29 11 100 786 885 879 828 179 87 94 
29 11 100 786 885 880 828 179 87 94 
29 11 100 786 885 881 828 179 87 94 
29 11 100 786 885 882 828 179 87 94 
29 11 100 786 885 883 828 179 87 94 
29 11 100 786 885 884 828 179 87 94 
29 11 100 786 885 885 828 179 87 94 
30 12 47 1200 1246 1200 810 190 94 74 
30 12 47 1200 1246 1201 810 190 94 74 
30 12 47 1200 1246 1202 810 190 94 74 
30 12 47 1200 1246 1203 810 190 94 74 
30 12 47 1200 1246 1204 810 190 94 74 
30 12 47 1200 1246 1205 810 190 94 74 
30 12 47 1200 1246 1206 810 190 94 74 
30 12 47 1200 1246 1207 810 190 94 74 
30 12 47 1200 1246 1208 810 190 94 74 
30 12 47 1200 1246 1209 810 190 94 74 
30 12 47 1200 1246 1210 810 190 94 74 
30 12 47 1200 1246 1211 810 190 94 74 
30 12 47 1200 1246 1212 810 190 94 74 
30 12 47 1200 1246 1213 810 190 94 74 
30 12 47 1200 1246 1214 810 190 94 74 
30 12 47 1200 1246 1215 810 190 94 74 
30 12 47 1200 1246 1216 810 190 94 74 
30 12 47 1200 1246 1217 810 190 94 74 
30 12 47 1200 1246 1218 810 190 94 74 
30 12 47 1200 1246 1219 810 190 94 74 
30 12 47 1200 1246 1220 810 190 94 74 
30 12 47 1200 1246 1221 810 190 94 74 
30 12 47 1200 1246 1222 810 190 94 74 
30 12 47 1200 1246 1223 810 190 94 74 
30 12 47 1200 1246 1224 810 190 94 74 
30 12 47 1200 1246 1225 810 190 94 74 
30 12 47 1200 1246 1226 810 190 94 74 
30 12 47 1200 1246 1227 810 190 94 74 
30 12 47 1200 1246 1228 810 190 94 74 
30 12 47 1200 1246 1229 810 190 94 74 
30 12 47 1200 1246 1230 810 190 94 74 
30 12 47 1200 1246 1231 810 190 94 74 
30 12 47 1200 1246 1232 810 190 94 74 
30 12 47 1200 1246 1233 810 190 94 74 
30 12 47 1200 1246 1234 810 190 94 74 
30 12 47 1200 1246 1235 810 190 94 74 
30 12 47 1200 1246 1236 810 190 94 74 
30 12 47 1200 1246 1237 810 190 94 74 
30 12 47 1200 1246 1238 810 190 94 74 
30 12 47 1200 1246 1239 810 190 94 74 
30 12 47 1200 1246 1240 810 190 94 74 
30 12 47 1200 1246 1241 810 190 94 74 
30 12 47 1200 1246 1242 810 190 94 74 
30 12 47 1200 1246 1243 810 190 94 74 
30 12 47 1200 1246 1244 810 190 94 74 
30 12 47 1200 1246 1245 810 190 94 74 
30 12 47 1200 1246 1246 810 190 94 74 
